1000 42960 2440 44400 0 2
1000 54720 2440 56160 0 2
1000 66480 2440 67920 0 2
1000 78240 2440 79680 0 2
1860 42120 3300 43560 0 2
1860 50520 3300 51960 0 2
1860 53880 3300 55320 0 2
1860 62280 3300 63720 0 2
1860 65640 3300 67080 0 2
1860 74040 3300 75480 0 2
1860 77400 3300 78840 0 2
1860 85800 3300 87240 0 2
1860 90000 3300 91440 0 2
2720 27840 4160 29280 0 2
2720 39600 4160 41040 0 2
2720 42960 4160 44400 0 2
2720 54720 4160 56160 0 2
2720 66480 4160 67920 0 2
2720 78240 4160 79680 0 2
3580 16080 5020 17520 0 2
3580 20280 5020 21720 0 2
3580 28680 5020 30120 0 2
3580 32040 5020 33480 0 2
3580 40440 5020 41880 0 2
3580 42120 5020 43560 0 2
3580 50520 5020 51960 0 2
3580 53880 5020 55320 0 2
3580 62280 5020 63720 0 2
3580 65640 5020 67080 0 2
3580 74040 5020 75480 0 2
3580 77400 5020 78840 0 2
3580 85800 5020 87240 0 2
3580 90000 5020 91440 0 2
4440 27840 5880 29280 0 2
4440 39600 5880 41040 0 2
4440 42960 5880 44400 0 2
4440 54720 5880 56160 0 2
4440 66480 5880 67920 0 2
4440 78240 5880 79680 0 2
5300 16080 6740 17520 0 2
5300 20280 6740 21720 0 2
5300 28680 6740 30120 0 2
5300 32040 6740 33480 0 2
5300 40440 6740 41880 0 2
5300 42120 6740 43560 0 2
5300 50520 6740 51960 0 2
5300 53880 6740 55320 0 2
5300 62280 6740 63720 0 2
5300 65640 6740 67080 0 2
5300 74040 6740 75480 0 2
5300 77400 6740 78840 0 2
5300 85800 6740 87240 0 2
5300 90000 6740 91440 0 2
6160 27840 7600 29280 0 2
6160 39600 7600 41040 0 2
6160 42960 7600 44400 0 2
6160 54720 7600 56160 0 2
6160 66480 7600 67920 0 2
6160 78240 7600 79680 0 2
7020 16080 8460 17520 0 2
7020 20280 8460 21720 0 2
7020 28680 8460 30120 0 2
7020 32040 8460 33480 0 2
7020 40440 8460 41880 0 2
7020 42120 8460 43560 0 2
7020 50520 8460 51960 0 2
7020 53880 8460 55320 0 2
7020 62280 8460 63720 0 2
7020 65640 8460 67080 0 2
7020 74040 8460 75480 0 2
7020 77400 8460 78840 0 2
7020 85800 8460 87240 0 2
7020 90000 8460 91440 0 2
7880 27840 9320 29280 0 2
7880 39600 9320 41040 0 2
7880 42960 9320 44400 0 2
7880 54720 9320 56160 0 2
7880 66480 9320 67920 0 2
7880 78240 9320 79680 0 2
8740 16080 10180 17520 0 2
8740 20280 10180 21720 0 2
8740 28680 10180 30120 0 2
8740 32040 10180 33480 0 2
8740 40440 10180 41880 0 2
8740 42120 10180 43560 0 2
8740 50520 10180 51960 0 2
8740 53880 10180 55320 0 2
8740 62280 10180 63720 0 2
8740 65640 10180 67080 0 2
8740 74040 10180 75480 0 2
8740 77400 10180 78840 0 2
8740 85800 10180 87240 0 2
8740 90000 10180 91440 0 2
9600 12720 11040 14160 0 2
9600 27840 11040 29280 0 2
9600 39600 11040 41040 0 2
9600 42960 11040 44400 0 2
9600 54720 11040 56160 0 2
9600 66480 11040 67920 0 2
9600 78240 11040 79680 0 2
10460 960 11900 2400 0 2
10460 5160 11900 6600 0 2
10460 13560 11900 15000 0 2
10460 16080 11900 17520 0 2
10460 20280 11900 21720 0 2
10460 28680 11900 30120 0 2
10460 32040 11900 33480 0 2
10460 40440 11900 41880 0 2
10460 42120 11900 43560 0 2
10460 50520 11900 51960 0 2
10460 53880 11900 55320 0 2
10460 62280 11900 63720 0 2
10460 65640 11900 67080 0 2
10460 74040 11900 75480 0 2
10460 77400 11900 78840 0 2
10460 85800 11900 87240 0 2
10460 90000 11900 91440 0 2
11320 12720 12760 14160 0 2
11320 27840 12760 29280 0 2
11320 39600 12760 41040 0 2
11320 42960 12760 44400 0 2
11320 54720 12760 56160 0 2
11320 66480 12760 67920 0 2
11320 78240 12760 79680 0 2
12180 960 13620 2400 0 2
12180 5160 13620 6600 0 2
12180 13560 13620 15000 0 2
12180 16080 13620 17520 0 2
12180 20280 13620 21720 0 2
12180 28680 13620 30120 0 2
12180 32040 13620 33480 0 2
12180 40440 13620 41880 0 2
12180 42120 13620 43560 0 2
12180 50520 13620 51960 0 2
12180 53880 13620 55320 0 2
12180 62280 13620 63720 0 2
12180 65640 13620 67080 0 2
12180 74040 13620 75480 0 2
12180 77400 13620 78840 0 2
12180 85800 13620 87240 0 2
12180 90000 13620 91440 0 2
13040 12720 14480 14160 0 2
13040 27840 14480 29280 0 2
13040 39600 14480 41040 0 2
13040 42960 14480 44400 0 2
13040 54720 14480 56160 0 2
13040 66480 14480 67920 0 2
13040 78240 14480 79680 0 2
13900 960 15340 2400 0 2
13900 5160 15340 6600 0 2
13900 13560 15340 15000 0 2
13900 16080 15340 17520 0 2
13900 20280 15340 21720 0 2
13900 28680 15340 30120 0 2
13900 32040 15340 33480 0 2
13900 40440 15340 41880 0 2
13900 42120 15340 43560 0 2
13900 50520 15340 51960 0 2
13900 53880 15340 55320 0 2
13900 62280 15340 63720 0 2
13900 65640 15340 67080 0 2
13900 74040 15340 75480 0 2
13900 77400 15340 78840 0 2
13900 85800 15340 87240 0 2
13900 90000 15340 91440 0 2
14760 12720 16200 14160 0 2
14760 27840 16200 29280 0 2
14760 39600 16200 41040 0 2
14760 42960 16200 44400 0 2
14760 54720 16200 56160 0 2
14760 66480 16200 67920 0 2
14760 78240 16200 79680 0 2
15620 16080 17060 17520 0 2
15620 20280 17060 21720 0 2
15620 28680 17060 30120 0 2
15620 32040 17060 33480 0 2
15620 40440 17060 41880 0 2
15620 42120 17060 43560 0 2
15620 50520 17060 51960 0 2
15620 53880 17060 55320 0 2
15620 62280 17060 63720 0 2
15620 65640 17060 67080 0 2
15620 74040 17060 75480 0 2
15620 77400 17060 78840 0 2
15620 85800 17060 87240 0 2
15620 90000 17060 91440 0 2
16480 27840 17920 29280 0 2
16480 39600 17920 41040 0 2
16480 42960 17920 44400 0 2
16480 54720 17920 56160 0 2
16480 66480 17920 67920 0 2
16480 78240 17920 79680 0 2
17340 16080 18780 17520 0 2
17340 20280 18780 21720 0 2
17340 28680 18780 30120 0 2
17340 32040 18780 33480 0 2
17340 40440 18780 41880 0 2
17340 42120 18780 43560 0 2
17340 50520 18780 51960 0 2
17340 53880 18780 55320 0 2
17340 62280 18780 63720 0 2
17340 65640 18780 67080 0 2
17340 74040 18780 75480 0 2
17340 77400 18780 78840 0 2
17340 85800 18780 87240 0 2
17340 90000 18780 91440 0 2
18200 12720 19640 14160 0 2
18200 27840 19640 29280 0 2
18200 39600 19640 41040 0 2
18200 42960 19640 44400 0 2
18200 54720 19640 56160 0 2
18200 66480 19640 67920 0 2
18200 78240 19640 79680 0 2
19060 960 20500 2400 0 2
19060 5160 20500 6600 0 2
19060 13560 20500 15000 0 2
19060 16080 20500 17520 0 2
19060 20280 20500 21720 0 2
19060 28680 20500 30120 0 2
19060 32040 20500 33480 0 2
19060 40440 20500 41880 0 2
19060 42120 20500 43560 0 2
19060 50520 20500 51960 0 2
19060 53880 20500 55320 0 2
19060 62280 20500 63720 0 2
19060 65640 20500 67080 0 2
19060 74040 20500 75480 0 2
19060 77400 20500 78840 0 2
19060 85800 20500 87240 0 2
19060 90000 20500 91440 0 2
19920 12720 21360 14160 0 2
19920 27840 21360 29280 0 2
19920 39600 21360 41040 0 2
19920 42960 21360 44400 0 2
19920 54720 21360 56160 0 2
19920 66480 21360 67920 0 2
19920 78240 21360 79680 0 2
20780 960 22220 2400 0 2
20780 5160 22220 6600 0 2
20780 13560 22220 15000 0 2
20780 16080 22220 17520 0 2
20780 20280 22220 21720 0 2
20780 28680 22220 30120 0 2
20780 32040 22220 33480 0 2
20780 40440 22220 41880 0 2
20780 42120 22220 43560 0 2
20780 50520 22220 51960 0 2
20780 53880 22220 55320 0 2
20780 62280 22220 63720 0 2
20780 65640 22220 67080 0 2
20780 74040 22220 75480 0 2
20780 77400 22220 78840 0 2
20780 85800 22220 87240 0 2
20780 90000 22220 91440 0 2
21640 12720 23080 14160 0 2
21640 27840 23080 29280 0 2
21640 39600 23080 41040 0 2
21640 42960 23080 44400 0 2
21640 54720 23080 56160 0 2
21640 66480 23080 67920 0 2
21640 78240 23080 79680 0 2
22500 960 23940 2400 0 2
22500 5160 23940 6600 0 2
22500 13560 23940 15000 0 2
22500 16080 23940 17520 0 2
22500 20280 23940 21720 0 2
22500 28680 23940 30120 0 2
22500 32040 23940 33480 0 2
22500 40440 23940 41880 0 2
22500 42120 23940 43560 0 2
22500 50520 23940 51960 0 2
22500 53880 23940 55320 0 2
22500 62280 23940 63720 0 2
22500 65640 23940 67080 0 2
22500 74040 23940 75480 0 2
22500 77400 23940 78840 0 2
22500 85800 23940 87240 0 2
22500 90000 23940 91440 0 2
23360 12720 24800 14160 0 2
23360 27840 24800 29280 0 2
23360 39600 24800 41040 0 2
23360 42960 24800 44400 0 2
23360 54720 24800 56160 0 2
23360 66480 24800 67920 0 2
23360 78240 24800 79680 0 2
24220 960 25660 2400 0 2
24220 5160 25660 6600 0 2
24220 13560 25660 15000 0 2
24220 42120 25660 43560 0 2
24220 50520 25660 51960 0 2
24220 53880 25660 55320 0 2
24220 62280 25660 63720 0 2
24220 65640 25660 67080 0 2
24220 74040 25660 75480 0 2
24220 77400 25660 78840 0 2
24220 85800 25660 87240 0 2
24220 90000 25660 91440 0 2
25080 12720 26520 14160 0 2
25080 42960 26520 44400 0 2
25080 54720 26520 56160 0 2
25080 66480 26520 67920 0 2
25080 78240 26520 79680 0 2
25940 960 27380 2400 0 2
25940 5160 27380 6600 0 2
25940 13560 27380 15000 0 2
25940 42120 27380 43560 0 2
25940 50520 27380 51960 0 2
25940 53880 27380 55320 0 2
25940 62280 27380 63720 0 2
25940 65640 27380 67080 0 2
25940 74040 27380 75480 0 2
25940 77400 27380 78840 0 2
25940 85800 27380 87240 0 2
25940 90000 27380 91440 0 2
26800 12720 28240 14160 0 2
26800 16080 28240 17520 0 2
26800 27840 28240 29280 0 2
26800 42960 28240 44400 0 2
26800 54720 28240 56160 0 2
26800 66480 28240 67920 0 2
26800 78240 28240 79680 0 2
27660 960 29100 2400 0 2
27660 5160 29100 6600 0 2
27660 13560 29100 15000 0 2
27660 15240 29100 16680 0 2
27660 23640 29100 25080 0 2
27660 27000 29100 28440 0 2
27660 35400 29100 36840 0 2
27660 39600 29100 41040 0 2
27660 42120 29100 43560 0 2
27660 50520 29100 51960 0 2
27660 53880 29100 55320 0 2
27660 62280 29100 63720 0 2
27660 65640 29100 67080 0 2
27660 74040 29100 75480 0 2
27660 77400 29100 78840 0 2
27660 85800 29100 87240 0 2
27660 90000 29100 91440 0 2
28520 12720 29960 14160 0 2
28520 16080 29960 17520 0 2
28520 27840 29960 29280 0 2
28520 42960 29960 44400 0 2
28520 54720 29960 56160 0 2
28520 66480 29960 67920 0 2
28520 78240 29960 79680 0 2
29380 960 30820 2400 0 2
29380 5160 30820 6600 0 2
29380 13560 30820 15000 0 2
29380 15240 30820 16680 0 2
29380 23640 30820 25080 0 2
29380 27000 30820 28440 0 2
29380 35400 30820 36840 0 2
29380 39600 30820 41040 0 2
29380 42120 30820 43560 0 2
29380 50520 30820 51960 0 2
29380 53880 30820 55320 0 2
29380 62280 30820 63720 0 2
29380 65640 30820 67080 0 2
29380 74040 30820 75480 0 2
29380 77400 30820 78840 0 2
29380 85800 30820 87240 0 2
29380 90000 30820 91440 0 2
30240 12720 31680 14160 0 2
30240 16080 31680 17520 0 2
30240 27840 31680 29280 0 2
30240 42960 31680 44400 0 2
30240 54720 31680 56160 0 2
30240 66480 31680 67920 0 2
30240 78240 31680 79680 0 2
31100 960 32540 2400 0 2
31100 5160 32540 6600 0 2
31100 13560 32540 15000 0 2
31100 15240 32540 16680 0 2
31100 23640 32540 25080 0 2
31100 27000 32540 28440 0 2
31100 35400 32540 36840 0 2
31100 39600 32540 41040 0 2
31100 42120 32540 43560 0 2
31100 50520 32540 51960 0 2
31100 53880 32540 55320 0 2
31100 62280 32540 63720 0 2
31100 65640 32540 67080 0 2
31100 74040 32540 75480 0 2
31100 77400 32540 78840 0 2
31100 85800 32540 87240 0 2
31100 90000 32540 91440 0 2
31960 12720 33400 14160 0 2
31960 16080 33400 17520 0 2
31960 27840 33400 29280 0 2
31960 42960 33400 44400 0 2
31960 54720 33400 56160 0 2
31960 66480 33400 67920 0 2
31960 78240 33400 79680 0 2
32820 960 34260 2400 0 2
32820 5160 34260 6600 0 2
32820 13560 34260 15000 0 2
32820 15240 34260 16680 0 2
32820 23640 34260 25080 0 2
32820 27000 34260 28440 0 2
32820 35400 34260 36840 0 2
32820 39600 34260 41040 0 2
32820 42120 34260 43560 0 2
32820 50520 34260 51960 0 2
32820 53880 34260 55320 0 2
32820 62280 34260 63720 0 2
32820 65640 34260 67080 0 2
32820 74040 34260 75480 0 2
32820 77400 34260 78840 0 2
32820 85800 34260 87240 0 2
32820 90000 34260 91440 0 2
33680 12720 35120 14160 0 2
33680 16080 35120 17520 0 2
33680 27840 35120 29280 0 2
33680 42960 35120 44400 0 2
33680 54720 35120 56160 0 2
33680 66480 35120 67920 0 2
33680 78240 35120 79680 0 2
34540 960 35980 2400 0 2
34540 5160 35980 6600 0 2
34540 13560 35980 15000 0 2
34540 15240 35980 16680 0 2
34540 23640 35980 25080 0 2
34540 27000 35980 28440 0 2
34540 35400 35980 36840 0 2
34540 39600 35980 41040 0 2
34540 42120 35980 43560 0 2
34540 50520 35980 51960 0 2
34540 53880 35980 55320 0 2
34540 62280 35980 63720 0 2
34540 65640 35980 67080 0 2
34540 74040 35980 75480 0 2
34540 77400 35980 78840 0 2
34540 85800 35980 87240 0 2
34540 90000 35980 91440 0 2
35400 12720 36840 14160 0 2
35400 16080 36840 17520 0 2
35400 27840 36840 29280 0 2
35400 42960 36840 44400 0 2
35400 54720 36840 56160 0 2
35400 66480 36840 67920 0 2
35400 78240 36840 79680 0 2
37120 5160 38560 6600 0 2
37120 6000 38560 7440 0 2
38840 12720 40280 14160 0 2
38840 16080 40280 17520 0 2
38840 27840 40280 29280 0 2
38840 42960 40280 44400 0 2
38840 54720 40280 56160 0 2
38840 66480 40280 67920 0 2
38840 78240 40280 79680 0 2
39700 960 41140 2400 0 2
39700 5160 41140 6600 0 2
39700 13560 41140 15000 0 2
39700 15240 41140 16680 0 2
39700 23640 41140 25080 0 2
39700 27000 41140 28440 0 2
39700 35400 41140 36840 0 2
39700 39600 41140 41040 0 2
39700 42120 41140 43560 0 2
39700 50520 41140 51960 0 2
39700 53880 41140 55320 0 2
39700 62280 41140 63720 0 2
39700 65640 41140 67080 0 2
39700 74040 41140 75480 0 2
39700 77400 41140 78840 0 2
39700 85800 41140 87240 0 2
39700 90000 41140 91440 0 2
40560 12720 42000 14160 0 2
40560 16080 42000 17520 0 2
40560 27840 42000 29280 0 2
40560 42960 42000 44400 0 2
40560 54720 42000 56160 0 2
40560 66480 42000 67920 0 2
40560 78240 42000 79680 0 2
41420 960 42860 2400 0 2
41420 5160 42860 6600 0 2
41420 13560 42860 15000 0 2
41420 15240 42860 16680 0 2
41420 23640 42860 25080 0 2
41420 27000 42860 28440 0 2
41420 35400 42860 36840 0 2
41420 39600 42860 41040 0 2
41420 42120 42860 43560 0 2
41420 50520 42860 51960 0 2
41420 53880 42860 55320 0 2
41420 62280 42860 63720 0 2
41420 65640 42860 67080 0 2
41420 74040 42860 75480 0 2
41420 77400 42860 78840 0 2
41420 85800 42860 87240 0 2
41420 90000 42860 91440 0 2
42280 12720 43720 14160 0 2
42280 16080 43720 17520 0 2
42280 27840 43720 29280 0 2
42280 42960 43720 44400 0 2
42280 54720 43720 56160 0 2
42280 66480 43720 67920 0 2
42280 78240 43720 79680 0 2
43140 960 44580 2400 0 2
43140 5160 44580 6600 0 2
43140 13560 44580 15000 0 2
43140 15240 44580 16680 0 2
43140 23640 44580 25080 0 2
43140 27000 44580 28440 0 2
43140 35400 44580 36840 0 2
43140 39600 44580 41040 0 2
43140 42120 44580 43560 0 2
43140 50520 44580 51960 0 2
43140 53880 44580 55320 0 2
43140 62280 44580 63720 0 2
43140 65640 44580 67080 0 2
43140 74040 44580 75480 0 2
43140 77400 44580 78840 0 2
43140 85800 44580 87240 0 2
43140 90000 44580 91440 0 2
44000 12720 45440 14160 0 2
44000 16080 45440 17520 0 2
44000 27840 45440 29280 0 2
44000 42960 45440 44400 0 2
44000 54720 45440 56160 0 2
44000 66480 45440 67920 0 2
44000 78240 45440 79680 0 2
44860 960 46300 2400 0 2
44860 5160 46300 6600 0 2
44860 13560 46300 15000 0 2
44860 15240 46300 16680 0 2
44860 23640 46300 25080 0 2
44860 27000 46300 28440 0 2
44860 35400 46300 36840 0 2
44860 39600 46300 41040 0 2
44860 42120 46300 43560 0 2
44860 50520 46300 51960 0 2
44860 53880 46300 55320 0 2
44860 62280 46300 63720 0 2
44860 65640 46300 67080 0 2
44860 74040 46300 75480 0 2
44860 77400 46300 78840 0 2
44860 85800 46300 87240 0 2
44860 90000 46300 91440 0 2
45720 12720 47160 14160 0 2
45720 16080 47160 17520 0 2
45720 27840 47160 29280 0 2
45720 42960 47160 44400 0 2
45720 54720 47160 56160 0 2
45720 66480 47160 67920 0 2
45720 78240 47160 79680 0 2
46580 960 48020 2400 0 2
46580 5160 48020 6600 0 2
46580 13560 48020 15000 0 2
46580 15240 48020 16680 0 2
46580 23640 48020 25080 0 2
46580 27000 48020 28440 0 2
46580 35400 48020 36840 0 2
46580 39600 48020 41040 0 2
46580 42120 48020 43560 0 2
46580 50520 48020 51960 0 2
46580 53880 48020 55320 0 2
46580 62280 48020 63720 0 2
46580 65640 48020 67080 0 2
46580 74040 48020 75480 0 2
46580 77400 48020 78840 0 2
46580 85800 48020 87240 0 2
46580 90000 48020 91440 0 2
47440 12720 48880 14160 0 2
47440 16080 48880 17520 0 2
47440 27840 48880 29280 0 2
47440 42960 48880 44400 0 2
47440 54720 48880 56160 0 2
47440 66480 48880 67920 0 2
47440 78240 48880 79680 0 2
48300 960 49740 2400 0 2
48300 5160 49740 6600 0 2
48300 13560 49740 15000 0 2
48300 42120 49740 43560 0 2
48300 50520 49740 51960 0 2
48300 53880 49740 55320 0 2
48300 62280 49740 63720 0 2
48300 65640 49740 67080 0 2
48300 74040 49740 75480 0 2
48300 77400 49740 78840 0 2
48300 85800 49740 87240 0 2
48300 90000 49740 91440 0 2
49160 12720 50600 14160 0 2
49160 42960 50600 44400 0 2
49160 54720 50600 56160 0 2
49160 66480 50600 67920 0 2
49160 78240 50600 79680 0 2
50020 960 51460 2400 0 2
50020 5160 51460 6600 0 2
50020 13560 51460 15000 0 2
50020 42120 51460 43560 0 2
50020 50520 51460 51960 0 2
50020 53880 51460 55320 0 2
50020 62280 51460 63720 0 2
50020 65640 51460 67080 0 2
50020 74040 51460 75480 0 2
50020 77400 51460 78840 0 2
50020 85800 51460 87240 0 2
50020 90000 51460 91440 0 2
50880 12720 52320 14160 0 2
50880 27840 52320 29280 0 2
50880 39600 52320 41040 0 2
50880 42960 52320 44400 0 2
50880 54720 52320 56160 0 2
50880 66480 52320 67920 0 2
50880 78240 52320 79680 0 2
51740 960 53180 2400 0 2
51740 5160 53180 6600 0 2
51740 13560 53180 15000 0 2
51740 16080 53180 17520 0 2
51740 20280 53180 21720 0 2
51740 28680 53180 30120 0 2
51740 32040 53180 33480 0 2
51740 40440 53180 41880 0 2
51740 42120 53180 43560 0 2
51740 50520 53180 51960 0 2
51740 53880 53180 55320 0 2
51740 62280 53180 63720 0 2
51740 65640 53180 67080 0 2
51740 74040 53180 75480 0 2
51740 77400 53180 78840 0 2
51740 85800 53180 87240 0 2
51740 90000 53180 91440 0 2
52600 12720 54040 14160 0 2
52600 27840 54040 29280 0 2
52600 39600 54040 41040 0 2
52600 42960 54040 44400 0 2
52600 54720 54040 56160 0 2
52600 66480 54040 67920 0 2
52600 78240 54040 79680 0 2
53460 960 54900 2400 0 2
53460 5160 54900 6600 0 2
53460 13560 54900 15000 0 2
53460 16080 54900 17520 0 2
53460 20280 54900 21720 0 2
53460 28680 54900 30120 0 2
53460 32040 54900 33480 0 2
53460 40440 54900 41880 0 2
53460 42120 54900 43560 0 2
53460 50520 54900 51960 0 2
53460 53880 54900 55320 0 2
53460 62280 54900 63720 0 2
53460 65640 54900 67080 0 2
53460 74040 54900 75480 0 2
53460 77400 54900 78840 0 2
53460 85800 54900 87240 0 2
53460 90000 54900 91440 0 2
54320 12720 55760 14160 0 2
54320 27840 55760 29280 0 2
54320 39600 55760 41040 0 2
54320 42960 55760 44400 0 2
54320 54720 55760 56160 0 2
54320 66480 55760 67920 0 2
54320 78240 55760 79680 0 2
55180 960 56620 2400 0 2
55180 5160 56620 6600 0 2
55180 13560 56620 15000 0 2
55180 16080 56620 17520 0 2
55180 20280 56620 21720 0 2
55180 28680 56620 30120 0 2
55180 32040 56620 33480 0 2
55180 40440 56620 41880 0 2
55180 42120 56620 43560 0 2
55180 50520 56620 51960 0 2
55180 53880 56620 55320 0 2
55180 62280 56620 63720 0 2
55180 65640 56620 67080 0 2
55180 74040 56620 75480 0 2
55180 77400 56620 78840 0 2
55180 85800 56620 87240 0 2
55180 90000 56620 91440 0 2
56040 12720 57480 14160 0 2
56040 27840 57480 29280 0 2
56040 39600 57480 41040 0 2
56040 42960 57480 44400 0 2
56040 54720 57480 56160 0 2
56040 66480 57480 67920 0 2
56040 78240 57480 79680 0 2
56900 16080 58340 17520 0 2
56900 20280 58340 21720 0 2
56900 28680 58340 30120 0 2
56900 32040 58340 33480 0 2
56900 40440 58340 41880 0 2
56900 42120 58340 43560 0 2
56900 50520 58340 51960 0 2
56900 53880 58340 55320 0 2
56900 62280 58340 63720 0 2
56900 65640 58340 67080 0 2
56900 74040 58340 75480 0 2
56900 77400 58340 78840 0 2
56900 85800 58340 87240 0 2
56900 90000 58340 91440 0 2
57760 27840 59200 29280 0 2
57760 39600 59200 41040 0 2
57760 42960 59200 44400 0 2
57760 54720 59200 56160 0 2
57760 66480 59200 67920 0 2
57760 78240 59200 79680 0 2
58620 16080 60060 17520 0 2
58620 20280 60060 21720 0 2
58620 28680 60060 30120 0 2
58620 32040 60060 33480 0 2
58620 40440 60060 41880 0 2
58620 42120 60060 43560 0 2
58620 50520 60060 51960 0 2
58620 53880 60060 55320 0 2
58620 62280 60060 63720 0 2
58620 65640 60060 67080 0 2
58620 74040 60060 75480 0 2
58620 77400 60060 78840 0 2
58620 85800 60060 87240 0 2
58620 90000 60060 91440 0 2
59480 12720 60920 14160 0 2
59480 27840 60920 29280 0 2
59480 39600 60920 41040 0 2
59480 42960 60920 44400 0 2
59480 54720 60920 56160 0 2
59480 66480 60920 67920 0 2
59480 78240 60920 79680 0 2
60340 960 61780 2400 0 2
60340 5160 61780 6600 0 2
60340 13560 61780 15000 0 2
60340 16080 61780 17520 0 2
60340 20280 61780 21720 0 2
60340 28680 61780 30120 0 2
60340 32040 61780 33480 0 2
60340 40440 61780 41880 0 2
60340 42120 61780 43560 0 2
60340 50520 61780 51960 0 2
60340 53880 61780 55320 0 2
60340 62280 61780 63720 0 2
60340 65640 61780 67080 0 2
60340 74040 61780 75480 0 2
60340 77400 61780 78840 0 2
60340 85800 61780 87240 0 2
60340 90000 61780 91440 0 2
61200 12720 62640 14160 0 2
61200 27840 62640 29280 0 2
61200 39600 62640 41040 0 2
61200 42960 62640 44400 0 2
61200 54720 62640 56160 0 2
61200 66480 62640 67920 0 2
61200 78240 62640 79680 0 2
62060 960 63500 2400 0 2
62060 5160 63500 6600 0 2
62060 13560 63500 15000 0 2
62060 16080 63500 17520 0 2
62060 20280 63500 21720 0 2
62060 28680 63500 30120 0 2
62060 32040 63500 33480 0 2
62060 40440 63500 41880 0 2
62060 42120 63500 43560 0 2
62060 50520 63500 51960 0 2
62060 53880 63500 55320 0 2
62060 62280 63500 63720 0 2
62060 65640 63500 67080 0 2
62060 74040 63500 75480 0 2
62060 77400 63500 78840 0 2
62060 85800 63500 87240 0 2
62060 90000 63500 91440 0 2
62920 12720 64360 14160 0 2
62920 27840 64360 29280 0 2
62920 39600 64360 41040 0 2
62920 42960 64360 44400 0 2
62920 54720 64360 56160 0 2
62920 66480 64360 67920 0 2
62920 78240 64360 79680 0 2
63780 960 65220 2400 0 2
63780 5160 65220 6600 0 2
63780 13560 65220 15000 0 2
63780 16080 65220 17520 0 2
63780 20280 65220 21720 0 2
63780 28680 65220 30120 0 2
63780 32040 65220 33480 0 2
63780 40440 65220 41880 0 2
63780 42120 65220 43560 0 2
63780 50520 65220 51960 0 2
63780 53880 65220 55320 0 2
63780 62280 65220 63720 0 2
63780 65640 65220 67080 0 2
63780 74040 65220 75480 0 2
63780 77400 65220 78840 0 2
63780 85800 65220 87240 0 2
63780 90000 65220 91440 0 2
64640 12720 66080 14160 0 2
64640 27840 66080 29280 0 2
64640 39600 66080 41040 0 2
64640 42960 66080 44400 0 2
64640 54720 66080 56160 0 2
64640 66480 66080 67920 0 2
64640 78240 66080 79680 0 2
65500 16080 66940 17520 0 2
65500 20280 66940 21720 0 2
65500 28680 66940 30120 0 2
65500 32040 66940 33480 0 2
65500 40440 66940 41880 0 2
65500 42120 66940 43560 0 2
65500 50520 66940 51960 0 2
65500 53880 66940 55320 0 2
65500 62280 66940 63720 0 2
65500 65640 66940 67080 0 2
65500 74040 66940 75480 0 2
65500 77400 66940 78840 0 2
65500 85800 66940 87240 0 2
65500 90000 66940 91440 0 2
66360 27840 67800 29280 0 2
66360 39600 67800 41040 0 2
66360 42960 67800 44400 0 2
66360 54720 67800 56160 0 2
66360 66480 67800 67920 0 2
66360 78240 67800 79680 0 2
67220 16080 68660 17520 0 2
67220 20280 68660 21720 0 2
67220 28680 68660 30120 0 2
67220 32040 68660 33480 0 2
67220 40440 68660 41880 0 2
67220 42120 68660 43560 0 2
67220 50520 68660 51960 0 2
67220 53880 68660 55320 0 2
67220 62280 68660 63720 0 2
67220 65640 68660 67080 0 2
67220 74040 68660 75480 0 2
67220 77400 68660 78840 0 2
67220 85800 68660 87240 0 2
67220 90000 68660 91440 0 2
68080 27840 69520 29280 0 2
68080 39600 69520 41040 0 2
68080 42960 69520 44400 0 2
68080 54720 69520 56160 0 2
68080 66480 69520 67920 0 2
68080 78240 69520 79680 0 2
68940 16080 70380 17520 0 2
68940 20280 70380 21720 0 2
68940 28680 70380 30120 0 2
68940 32040 70380 33480 0 2
68940 40440 70380 41880 0 2
68940 42120 70380 43560 0 2
68940 50520 70380 51960 0 2
68940 53880 70380 55320 0 2
68940 62280 70380 63720 0 2
68940 65640 70380 67080 0 2
68940 74040 70380 75480 0 2
68940 77400 70380 78840 0 2
68940 85800 70380 87240 0 2
68940 90000 70380 91440 0 2
69800 27840 71240 29280 0 2
69800 39600 71240 41040 0 2
69800 42960 71240 44400 0 2
69800 54720 71240 56160 0 2
69800 66480 71240 67920 0 2
69800 78240 71240 79680 0 2
70660 16080 72100 17520 0 2
70660 20280 72100 21720 0 2
70660 28680 72100 30120 0 2
70660 32040 72100 33480 0 2
70660 40440 72100 41880 0 2
70660 42120 72100 43560 0 2
70660 50520 72100 51960 0 2
70660 53880 72100 55320 0 2
70660 62280 72100 63720 0 2
70660 65640 72100 67080 0 2
70660 74040 72100 75480 0 2
70660 77400 72100 78840 0 2
70660 85800 72100 87240 0 2
70660 90000 72100 91440 0 2
71520 27840 72960 29280 0 2
71520 39600 72960 41040 0 2
71520 42960 72960 44400 0 2
71520 54720 72960 56160 0 2
71520 66480 72960 67920 0 2
71520 78240 72960 79680 0 2
72380 42120 73820 43560 0 2
72380 50520 73820 51960 0 2
72380 53880 73820 55320 0 2
72380 62280 73820 63720 0 2
72380 65640 73820 67080 0 2
72380 74040 73820 75480 0 2
72380 77400 73820 78840 0 2
72380 85800 73820 87240 0 2
72380 90000 73820 91440 0 2
73240 42960 74680 44400 0 2
73240 54720 74680 56160 0 2
73240 66480 74680 67920 0 2
73240 78240 74680 79680 0 2
12260 200 13540 1480 1 2
12260 5240 13540 6520 1 2
12260 13640 13540 14920 1 2
12260 14480 13540 15760 1 2
12260 16160 13540 17440 1 2
12260 27920 13540 29200 1 2
12260 39680 13540 40960 1 2
13120 200 14400 1480 1 2
13120 1040 14400 2320 1 2
13120 12800 14400 14080 1 2
13120 14480 14400 15760 1 2
13120 18680 14400 19960 1 2
13120 20360 14400 21640 1 2
13120 32120 14400 33400 1 2
13980 28760 15260 30040 1 2
13980 40520 15260 41800 1 2
17420 42200 18700 43480 1 2
17420 53960 18700 55240 1 2
17420 65720 18700 67000 1 2
17420 77480 18700 78760 1 2
18280 50600 19560 51880 1 2
18280 55640 19560 56920 1 2
18280 62360 19560 63640 1 2
18280 74120 19560 75400 1 2
18280 85880 19560 87160 1 2
19140 43040 20420 44320 1 2
19140 54800 20420 56080 1 2
19140 66560 20420 67840 1 2
19140 78320 20420 79600 1 2
19140 90080 20420 91360 1 2
26020 1040 27300 2320 1 2
26020 12800 27300 14080 1 2
26880 5240 28160 6520 1 2
26880 6080 28160 7360 1 2
26880 13640 28160 14920 1 2
27740 39680 29020 40960 1 2
30320 15320 31600 16600 1 2
30320 18680 31600 19960 1 2
30320 27080 31600 28360 1 2
31180 23720 32460 25000 1 2
31180 35480 32460 36760 1 2
32040 16160 33320 17440 1 2
32040 19520 33320 20800 1 2
32040 27920 33320 29200 1 2
39780 39680 41060 40960 1 2
42360 13640 43640 14920 1 2
42360 16160 43640 17440 1 2
42360 19520 43640 20800 1 2
42360 27920 43640 29200 1 2
43220 23720 44500 25000 1 2
43220 35480 44500 36760 1 2
44080 15320 45360 16600 1 2
44080 21200 45360 22480 1 2
44080 27080 45360 28360 1 2
48380 1040 49660 2320 1 2
48380 12800 49660 14080 1 2
55260 43040 56540 44320 1 2
55260 54800 56540 56080 1 2
55260 66560 56540 67840 1 2
55260 78320 56540 79600 1 2
55260 90080 56540 91360 1 2
56120 42200 57400 43480 1 2
56120 50600 57400 51880 1 2
56120 53960 57400 55240 1 2
56120 55640 57400 56920 1 2
56120 62360 57400 63640 1 2
56120 65720 57400 67000 1 2
56120 74120 57400 75400 1 2
56120 77480 57400 78760 1 2
56120 85880 57400 87160 1 2
60420 200 61700 1480 1 2
60420 28760 61700 30040 1 2
60420 40520 61700 41800 1 2
61280 200 62560 1480 1 2
61280 1040 62560 2320 1 2
61280 12800 62560 14080 1 2
61280 14480 62560 15760 1 2
61280 20360 62560 21640 1 2
61280 21200 62560 22480 1 2
61280 32120 62560 33400 1 2
62140 5240 63420 6520 1 2
62140 13640 63420 14920 1 2
62140 14480 63420 15760 1 2
62140 16160 63420 17440 1 2
62140 27920 63420 29200 1 2
62140 39680 63420 40960 1 2
12100 -800 13700 800 2 2
13820 42040 15420 43640 2 2
17260 42040 18860 43640 2 2
18980 52120 20580 53720 2 2
25860 16840 27460 18440 2 2
27580 52120 29180 53720 2 2
39620 52120 41220 53720 2 2
48220 16840 49820 18440 2 2
55100 52120 56700 53720 2 2
55960 42040 57560 43640 2 2
60260 -800 61860 800 2 2
60260 42040 61860 43640 2 2
61980 34480 63580 36080 2 2
-800 -800 800 800 3 2
-800 34480 800 36080 3 2
-800 69760 800 71360 3 2
22880 16840 24480 18440 3 2
22880 52120 24480 53720 3 2
22880 87400 24480 89000 3 2
46560 -800 48160 800 3 2
46560 34480 48160 36080 3 2
46560 69760 48160 71360 3 2
70240 16840 71840 18440 3 2
70240 52120 71840 53720 3 2
70240 87400 71840 89000 3 2
