780 43400 37060 43960 1 2
780 43400 37060 43960 2 2
760 43400 37080 43960 0 2
760 43400 37080 43960 1 2
780 55160 37060 55720 1 2
780 55160 37060 55720 2 2
760 55160 37080 55720 0 2
760 55160 37080 55720 1 2
1470 42220 1970 50180 0 2
1470 42220 1970 50180 1 2
1470 53980 1970 61940 0 2
1470 53980 1970 61940 1 2
1640 42560 36200 43120 1 2
1640 42560 36200 43120 2 2
1620 42560 36220 43120 0 2
1620 42560 36220 43120 1 2
1640 50960 36200 51520 1 2
1640 50960 36200 51520 2 2
1620 50960 36220 51520 0 2
1620 50960 36220 51520 1 2
1640 54320 36200 54880 1 2
1640 54320 36200 54880 2 2
1620 54320 36220 54880 0 2
1620 54320 36220 54880 1 2
1640 62720 36200 63280 1 2
1640 62720 36200 63280 2 2
1620 62720 36220 63280 0 2
1620 62720 36220 63280 1 2
2330 42220 2830 50180 0 2
2330 42220 2830 50180 1 2
2330 49780 2830 52700 0 2
2330 49780 2830 52700 1 2
2330 53980 2830 61940 0 2
2330 53980 2830 61940 1 2
2330 61540 2830 64460 0 2
2330 61540 2830 64460 1 2
2500 28280 25020 28840 1 2
2500 28280 25020 28840 2 2
2480 28280 25040 28840 0 2
2480 28280 25040 28840 1 2
2500 40040 25020 40600 1 2
2500 40040 25020 40600 2 2
2480 40040 25040 40600 0 2
2480 40040 25040 40600 1 2
3190 22060 3690 30020 0 2
3190 22060 3690 30020 1 2
3190 33820 3690 41780 0 2
3190 33820 3690 41780 1 2
3190 42220 3690 50180 0 2
3190 42220 3690 50180 1 2
3190 53980 3690 61940 0 2
3190 53980 3690 61940 1 2
3360 16520 24160 17080 1 2
3360 16520 24160 17080 2 2
3340 16520 24180 17080 0 2
3340 16520 24180 17080 1 2
3360 20720 24160 21280 1 2
3360 20720 24160 21280 2 2
3340 20720 24180 21280 0 2
3340 20720 24180 21280 1 2
3360 29120 24160 29680 1 2
3360 29120 24160 29680 2 2
3340 29120 24180 29680 0 2
3340 29120 24180 29680 1 2
3360 32480 24160 33040 1 2
3360 32480 24160 33040 2 2
3340 32480 24180 33040 0 2
3340 32480 24180 33040 1 2
3360 40880 24160 41440 1 2
3360 40880 24160 41440 2 2
3340 40880 24180 41440 0 2
3340 40880 24180 41440 1 2
4050 15340 4550 18260 0 2
4050 15340 4550 18260 1 2
4050 19540 4550 22460 0 2
4050 19540 4550 22460 1 2
4050 22060 4550 30020 0 2
4050 22060 4550 30020 1 2
4050 31300 4550 34220 0 2
4050 31300 4550 34220 1 2
4050 33820 4550 41780 0 2
4050 33820 4550 41780 1 2
4050 42220 4550 50180 0 2
4050 42220 4550 50180 1 2
4050 49780 4550 52700 0 2
4050 49780 4550 52700 1 2
4050 53980 4550 61940 0 2
4050 53980 4550 61940 1 2
4050 61540 4550 64460 0 2
4050 61540 4550 64460 1 2
4910 22060 5410 30020 0 2
4910 22060 5410 30020 1 2
4910 33820 5410 41780 0 2
4910 33820 5410 41780 1 2
4910 42220 5410 50180 0 2
4910 42220 5410 50180 1 2
4910 53980 5410 61940 0 2
4910 53980 5410 61940 1 2
5770 15340 6270 18260 0 2
5770 15340 6270 18260 1 2
5770 19540 6270 22460 0 2
5770 19540 6270 22460 1 2
5770 22060 6270 30020 0 2
5770 22060 6270 30020 1 2
5770 31300 6270 34220 0 2
5770 31300 6270 34220 1 2
5770 33820 6270 41780 0 2
5770 33820 6270 41780 1 2
5770 42220 6270 50180 0 2
5770 42220 6270 50180 1 2
5770 49780 6270 52700 0 2
5770 49780 6270 52700 1 2
5770 53980 6270 61940 0 2
5770 53980 6270 61940 1 2
5770 61540 6270 64460 0 2
5770 61540 6270 64460 1 2
6630 22060 7130 30020 0 2
6630 22060 7130 30020 1 2
6630 33820 7130 41780 0 2
6630 33820 7130 41780 1 2
6630 42220 7130 50180 0 2
6630 42220 7130 50180 1 2
6630 53980 7130 61940 0 2
6630 53980 7130 61940 1 2
7490 15340 7990 18260 0 2
7490 15340 7990 18260 1 2
7490 19540 7990 22460 0 2
7490 19540 7990 22460 1 2
7490 22060 7990 30020 0 2
7490 22060 7990 30020 1 2
7490 31300 7990 34220 0 2
7490 31300 7990 34220 1 2
7490 33820 7990 41780 0 2
7490 33820 7990 41780 1 2
7490 42220 7990 50180 0 2
7490 42220 7990 50180 1 2
7490 49780 7990 52700 0 2
7490 49780 7990 52700 1 2
7490 53980 7990 61940 0 2
7490 53980 7990 61940 1 2
7490 61540 7990 64460 0 2
7490 61540 7990 64460 1 2
8350 22060 8850 30020 0 2
8350 22060 8850 30020 1 2
8350 33820 8850 41780 0 2
8350 33820 8850 41780 1 2
8350 42220 8850 50180 0 2
8350 42220 8850 50180 1 2
8350 53980 8850 61940 0 2
8350 53980 8850 61940 1 2
9210 15340 9710 18260 0 2
9210 15340 9710 18260 1 2
9210 19540 9710 22460 0 2
9210 19540 9710 22460 1 2
9210 22060 9710 30020 0 2
9210 22060 9710 30020 1 2
9210 31300 9710 34220 0 2
9210 31300 9710 34220 1 2
9210 33820 9710 41780 0 2
9210 33820 9710 41780 1 2
9210 42220 9710 50180 0 2
9210 42220 9710 50180 1 2
9210 49780 9710 52700 0 2
9210 49780 9710 52700 1 2
9210 53980 9710 61940 0 2
9210 53980 9710 61940 1 2
9210 61540 9710 64460 0 2
9210 61540 9710 64460 1 2
9380 13160 16420 13720 1 2
9380 13160 16420 13720 2 2
9360 13160 16440 13720 0 2
9360 13160 16440 13720 1 2
10070 6940 10570 14900 0 2
10070 6940 10570 14900 1 2
10070 22060 10570 30020 0 2
10070 22060 10570 30020 1 2
10070 33820 10570 41780 0 2
10070 33820 10570 41780 1 2
10070 42220 10570 50180 0 2
10070 42220 10570 50180 1 2
10070 53980 10570 61940 0 2
10070 53980 10570 61940 1 2
10240 1400 15560 1960 1 2
10240 1400 15560 1960 2 2
10220 1400 15580 1960 0 2
10220 1400 15580 1960 1 2
10240 5600 15560 6160 1 2
10240 5600 15560 6160 2 2
10220 5600 15580 6160 0 2
10220 5600 15580 6160 1 2
10240 14000 15560 14560 1 2
10240 14000 15560 14560 2 2
10220 14000 15580 14560 0 2
10220 14000 15580 14560 1 2
10930 220 11430 3140 0 2
10930 220 11430 3140 1 2
10930 4420 11430 7340 0 2
10930 4420 11430 7340 1 2
10930 6940 11430 14900 0 2
10930 6940 11430 14900 1 2
10930 15340 11430 18260 0 2
10930 15340 11430 18260 1 2
10930 19540 11430 22460 0 2
10930 19540 11430 22460 1 2
10930 22060 11430 30020 0 2
10930 22060 11430 30020 1 2
10930 31300 11430 34220 0 2
10930 31300 11430 34220 1 2
10930 33820 11430 41780 0 2
10930 33820 11430 41780 1 2
10930 42220 11430 50180 0 2
10930 42220 11430 50180 1 2
10930 49780 11430 52700 0 2
10930 49780 11430 52700 1 2
10930 53980 11430 61940 0 2
10930 53980 11430 61940 1 2
10930 61540 11430 64460 0 2
10930 61540 11430 64460 1 2
11790 6940 12290 14900 0 2
11790 6940 12290 14900 1 2
11790 22060 12290 30020 0 2
11790 22060 12290 30020 1 2
11790 33820 12290 41780 0 2
11790 33820 12290 41780 1 2
11790 42220 12290 50180 0 2
11790 42220 12290 50180 1 2
11790 53980 12290 61940 0 2
11790 53980 12290 61940 1 2
11980 560 13820 1120 1 2
11980 560 13820 1120 2 2
11960 560 13840 1120 0 2
11960 560 13840 1120 1 2
11980 14840 13820 15400 1 2
11980 14840 13820 15400 2 2
11960 14840 13840 15400 0 2
11960 14840 13840 15400 1 2
12620 -650 13180 1490 2 2
12620 -650 13180 1490 3 2
12620 -600 13180 1440 1 2
12620 -600 13180 1440 2 2
12620 -130 13180 1810 2 2
12620 -130 13180 1810 3 2
12620 -80 13180 1760 1 2
12620 -80 13180 1760 2 2
12620 4910 13180 15250 2 2
12620 4910 13180 15250 3 2
12620 4960 13180 15200 1 2
12620 4960 13180 15200 2 2
12620 13630 13180 15770 2 2
12620 13630 13180 15770 3 2
12620 13680 13180 15720 1 2
12620 13680 13180 15720 2 2
12620 14150 13180 16090 2 2
12620 14150 13180 16090 3 2
12620 14200 13180 16040 1 2
12620 14200 13180 16040 2 2
12650 220 13150 3140 0 2
12650 220 13150 3140 1 2
12650 4420 13150 7340 0 2
12650 4420 13150 7340 1 2
12650 6940 13150 14900 0 2
12650 6940 13150 14900 1 2
12650 15340 13150 18260 0 2
12650 15340 13150 18260 1 2
12650 19540 13150 22460 0 2
12650 19540 13150 22460 1 2
12650 22060 13150 30020 0 2
12650 22060 13150 30020 1 2
12650 31300 13150 34220 0 2
12650 31300 13150 34220 1 2
12650 33820 13150 41780 0 2
12650 33820 13150 41780 1 2
12650 42220 13150 50180 0 2
12650 42220 13150 50180 1 2
12650 49780 13150 52700 0 2
12650 49780 13150 52700 1 2
12650 53980 13150 61940 0 2
12650 53980 13150 61940 1 2
12650 61540 13150 64460 0 2
12650 61540 13150 64460 1 2
12300 560 14360 1120 1 2
12300 560 14360 1120 2 2
12280 560 14380 1120 0 2
12280 560 14380 1120 1 2
12300 14840 14360 15400 1 2
12300 14840 14360 15400 2 2
12280 14840 14380 15400 0 2
12280 14840 14380 15400 1 2
12840 560 14680 1120 1 2
12840 560 14680 1120 2 2
12820 560 14700 1120 0 2
12820 560 14700 1120 1 2
12840 14840 14680 15400 1 2
12840 14840 14680 15400 2 2
12820 14840 14700 15400 0 2
12820 14840 14700 15400 1 2
12840 19040 14680 19600 1 2
12840 19040 14680 19600 2 2
12820 19040 14700 19600 0 2
12820 19040 14700 19600 1 2
13480 -130 14040 1810 2 2
13480 -130 14040 1810 3 2
13480 -80 14040 1760 1 2
13480 -80 14040 1760 2 2
13480 190 14040 2330 2 2
13480 190 14040 2330 3 2
13480 240 14040 2280 1 2
13480 240 14040 2280 2 2
13480 14150 14040 16090 2 2
13480 14150 14040 16090 3 2
13480 14200 14040 16040 1 2
13480 14200 14040 16040 2 2
13480 14470 14040 21650 2 2
13480 14470 14040 21650 3 2
13480 14520 14040 21600 1 2
13480 14520 14040 21600 2 2
13480 18300 14040 20340 2 2
13480 18300 14040 20340 3 2
13480 18350 14040 20290 1 2
13480 18350 14040 20290 2 2
13480 18350 14040 20290 2 2
13480 18350 14040 20290 3 2
13480 18400 14040 20240 1 2
13480 18400 14040 20240 2 2
13480 20030 14040 33730 2 2
13480 20030 14040 33730 3 2
13480 20080 14040 33680 1 2
13480 20080 14040 33680 2 2
13510 6940 14010 14900 0 2
13510 6940 14010 14900 1 2
13510 22060 14010 30020 0 2
13510 22060 14010 30020 1 2
13510 33820 14010 41780 0 2
13510 33820 14010 41780 1 2
13510 42220 14010 50180 0 2
13510 42220 14010 50180 1 2
13510 53980 14010 61940 0 2
13510 53980 14010 61940 1 2
13160 19040 31560 19600 1 2
13160 19040 31560 19600 2 2
13140 19040 31580 19600 0 2
13140 19040 31580 19600 1 2
13680 42040 15560 43640 3 2
13680 42040 15560 43640 4 2
13680 42040 15560 43640 2 2
13680 42040 15560 43640 3 2
14340 28430 14900 42130 2 2
14340 28430 14900 42130 3 2
14340 28480 14900 42080 1 2
14340 28480 14900 42080 2 2
14340 40510 14900 43490 2 2
14340 40510 14900 43490 3 2
14340 40560 14900 43440 1 2
14340 40560 14900 43440 2 2
14340 41820 14900 43860 2 2
14340 41820 14900 43860 3 2
14340 41870 14900 43810 1 2
14340 41870 14900 43810 2 2
14370 220 14870 3140 0 2
14370 220 14870 3140 1 2
14370 4420 14870 7340 0 2
14370 4420 14870 7340 1 2
14370 6940 14870 14900 0 2
14370 6940 14870 14900 1 2
14370 15340 14870 18260 0 2
14370 15340 14870 18260 1 2
14370 19540 14870 22460 0 2
14370 19540 14870 22460 1 2
14370 22060 14870 30020 0 2
14370 22060 14870 30020 1 2
14370 31300 14870 34220 0 2
14370 31300 14870 34220 1 2
14370 33820 14870 41780 0 2
14370 33820 14870 41780 1 2
14370 42220 14870 50180 0 2
14370 42220 14870 50180 1 2
14370 49780 14870 52700 0 2
14370 49780 14870 52700 1 2
14370 53980 14870 61940 0 2
14370 53980 14870 61940 1 2
14370 61540 14870 64460 0 2
14370 61540 14870 64460 1 2
14010 42040 18670 43640 3 2
14010 42040 18670 43640 4 2
14010 42040 18670 43640 2 2
14010 42040 18670 43640 3 2
15230 6940 15730 14900 0 2
15230 6940 15730 14900 1 2
15230 22060 15730 30020 0 2
15230 22060 15730 30020 1 2
15230 33820 15730 41780 0 2
15230 33820 15730 41780 1 2
15230 42220 15730 50180 0 2
15230 42220 15730 50180 1 2
15230 53980 15730 61940 0 2
15230 53980 15730 61940 1 2
16090 15340 16590 18260 0 2
16090 15340 16590 18260 1 2
16090 19540 16590 22460 0 2
16090 19540 16590 22460 1 2
16090 22060 16590 30020 0 2
16090 22060 16590 30020 1 2
16090 31300 16590 34220 0 2
16090 31300 16590 34220 1 2
16090 33820 16590 41780 0 2
16090 33820 16590 41780 1 2
16090 42220 16590 50180 0 2
16090 42220 16590 50180 1 2
16090 49780 16590 52700 0 2
16090 49780 16590 52700 1 2
16090 53980 16590 61940 0 2
16090 53980 16590 61940 1 2
16090 61540 16590 64460 0 2
16090 61540 16590 64460 1 2
16950 22060 17450 30020 0 2
16950 22060 17450 30020 1 2
16950 33820 17450 41780 0 2
16950 33820 17450 41780 1 2
16950 42220 17450 50180 0 2
16950 42220 17450 50180 1 2
16950 53980 17450 61940 0 2
16950 53980 17450 61940 1 2
17120 42040 19000 43640 3 2
17120 42040 19000 43640 4 2
17120 42040 19000 43640 2 2
17120 42040 19000 43640 3 2
17780 41820 18340 43860 2 2
17780 41820 18340 43860 3 2
17780 41870 18340 43810 1 2
17780 41870 18340 43810 2 2
17780 41870 18340 79090 2 2
17780 41870 18340 79090 3 2
17780 41920 18340 79040 1 2
17780 41920 18340 79040 2 2
17810 15340 18310 18260 0 2
17810 15340 18310 18260 1 2
17810 19540 18310 22460 0 2
17810 19540 18310 22460 1 2
17810 22060 18310 30020 0 2
17810 22060 18310 30020 1 2
17810 31300 18310 34220 0 2
17810 31300 18310 34220 1 2
17810 33820 18310 41780 0 2
17810 33820 18310 41780 1 2
17810 42220 18310 50180 0 2
17810 42220 18310 50180 1 2
17810 49780 18310 52700 0 2
17810 49780 18310 52700 1 2
17810 53980 18310 61940 0 2
17810 53980 18310 61940 1 2
17810 61540 18310 64460 0 2
17810 61540 18310 64460 1 2
17980 13160 37060 13720 1 2
17980 13160 37060 13720 2 2
17960 13160 37080 13720 0 2
17960 13160 37080 13720 1 2
18000 56000 19840 56560 1 2
18000 56000 19840 56560 2 2
17980 56000 19860 56560 0 2
17980 56000 19860 56560 1 2
18640 50270 19200 87490 2 2
18640 50270 19200 87490 3 2
18640 50320 19200 87440 1 2
18640 50320 19200 87440 2 2
18640 55260 19200 57300 2 2
18640 55260 19200 57300 3 2
18640 55310 19200 57250 1 2
18640 55310 19200 57250 2 2
18640 55310 19200 57250 2 2
18640 55310 19200 57250 3 2
18640 55360 19200 57200 1 2
18640 55360 19200 57200 2 2
18670 6940 19170 14900 0 2
18670 6940 19170 14900 1 2
18670 22060 19170 30020 0 2
18670 22060 19170 30020 1 2
18670 33820 19170 41780 0 2
18670 33820 19170 41780 1 2
18670 42220 19170 50180 0 2
18670 42220 19170 50180 1 2
18670 53980 19170 61940 0 2
18670 53980 19170 61940 1 2
18320 56000 57360 56560 1 2
18320 56000 57360 56560 2 2
18300 56000 57380 56560 0 2
18300 56000 57380 56560 1 2
18370 52120 21190 53720 3 2
18370 52120 21190 53720 4 2
18370 52120 21190 53720 2 2
18370 52120 21190 53720 3 2
18840 1400 36200 1960 1 2
18840 1400 36200 1960 2 2
18820 1400 36220 1960 0 2
18820 1400 36220 1960 1 2
18840 5600 36200 6160 1 2
18840 5600 36200 6160 2 2
18820 5600 36220 6160 0 2
18820 5600 36220 6160 1 2
18840 14000 36200 14560 1 2
18840 14000 36200 14560 2 2
18820 14000 36220 14560 0 2
18820 14000 36220 14560 1 2
19500 42710 20060 91690 2 2
19500 42710 20060 91690 3 2
19500 42760 20060 91640 1 2
19500 42760 20060 91640 2 2
19500 51900 20060 53940 2 2
19500 51900 20060 53940 3 2
19500 51950 20060 53890 1 2
19500 51950 20060 53890 2 2
19500 51990 20060 53850 2 2
19500 51990 20060 53850 3 2
19500 52040 20060 53800 1 2
19500 52040 20060 53800 2 2
19530 220 20030 3140 0 2
19530 220 20030 3140 1 2
19530 4420 20030 7340 0 2
19530 4420 20030 7340 1 2
19530 6940 20030 14900 0 2
19530 6940 20030 14900 1 2
19530 15340 20030 18260 0 2
19530 15340 20030 18260 1 2
19530 19540 20030 22460 0 2
19530 19540 20030 22460 1 2
19530 22060 20030 30020 0 2
19530 22060 20030 30020 1 2
19530 31300 20030 34220 0 2
19530 31300 20030 34220 1 2
19530 33820 20030 41780 0 2
19530 33820 20030 41780 1 2
19530 42220 20030 50180 0 2
19530 42220 20030 50180 1 2
19530 49780 20030 52700 0 2
19530 49780 20030 52700 1 2
19530 53980 20030 61940 0 2
19530 53980 20030 61940 1 2
19530 61540 20030 64460 0 2
19530 61540 20030 64460 1 2
20390 6940 20890 14900 0 2
20390 6940 20890 14900 1 2
20390 22060 20890 30020 0 2
20390 22060 20890 30020 1 2
20390 33820 20890 41780 0 2
20390 33820 20890 41780 1 2
20390 42220 20890 50180 0 2
20390 42220 20890 50180 1 2
20390 53980 20890 61940 0 2
20390 53980 20890 61940 1 2
21250 220 21750 3140 0 2
21250 220 21750 3140 1 2
21250 4420 21750 7340 0 2
21250 4420 21750 7340 1 2
21250 6940 21750 14900 0 2
21250 6940 21750 14900 1 2
21250 15340 21750 18260 0 2
21250 15340 21750 18260 1 2
21250 19540 21750 22460 0 2
21250 19540 21750 22460 1 2
21250 22060 21750 30020 0 2
21250 22060 21750 30020 1 2
21250 31300 21750 34220 0 2
21250 31300 21750 34220 1 2
21250 33820 21750 41780 0 2
21250 33820 21750 41780 1 2
21250 42220 21750 50180 0 2
21250 42220 21750 50180 1 2
21250 49780 21750 52700 0 2
21250 49780 21750 52700 1 2
21250 53980 21750 61940 0 2
21250 53980 21750 61940 1 2
21250 61540 21750 64460 0 2
21250 61540 21750 64460 1 2
22110 6940 22610 14900 0 2
22110 6940 22610 14900 1 2
22110 22060 22610 30020 0 2
22110 22060 22610 30020 1 2
22110 33820 22610 41780 0 2
22110 33820 22610 41780 1 2
22110 42220 22610 50180 0 2
22110 42220 22610 50180 1 2
22110 53980 22610 61940 0 2
22110 53980 22610 61940 1 2
22970 220 23470 3140 0 2
22970 220 23470 3140 1 2
22970 4420 23470 7340 0 2
22970 4420 23470 7340 1 2
22970 6940 23470 14900 0 2
22970 6940 23470 14900 1 2
22970 15340 23470 18260 0 2
22970 15340 23470 18260 1 2
22970 19540 23470 22460 0 2
22970 19540 23470 22460 1 2
22970 22060 23470 30020 0 2
22970 22060 23470 30020 1 2
22970 31300 23470 34220 0 2
22970 31300 23470 34220 1 2
22970 33820 23470 41780 0 2
22970 33820 23470 41780 1 2
22970 42220 23470 50180 0 2
22970 42220 23470 50180 1 2
22970 49780 23470 52700 0 2
22970 49780 23470 52700 1 2
22970 53980 23470 61940 0 2
22970 53980 23470 61940 1 2
22970 61540 23470 64460 0 2
22970 61540 23470 64460 1 2
23830 6940 24330 14900 0 2
23830 6940 24330 14900 1 2
23830 22060 24330 30020 0 2
23830 22060 24330 30020 1 2
23830 33820 24330 41780 0 2
23830 33820 24330 41780 1 2
23830 42220 24330 50180 0 2
23830 42220 24330 50180 1 2
23830 53980 24330 61940 0 2
23830 53980 24330 61940 1 2
24690 220 25190 3140 0 2
24690 220 25190 3140 1 2
24690 4420 25190 7340 0 2
24690 4420 25190 7340 1 2
24690 6940 25190 14900 0 2
24690 6940 25190 14900 1 2
24690 42220 25190 50180 0 2
24690 42220 25190 50180 1 2
24690 49780 25190 52700 0 2
24690 49780 25190 52700 1 2
24690 53980 25190 61940 0 2
24690 53980 25190 61940 1 2
24690 61540 25190 64460 0 2
24690 61540 25190 64460 1 2
25550 6940 26050 14900 0 2
25550 6940 26050 14900 1 2
25550 42220 26050 50180 0 2
25550 42220 26050 50180 1 2
25550 53980 26050 61940 0 2
25550 53980 26050 61940 1 2
25250 16840 28070 18440 3 2
25250 16840 28070 18440 4 2
25250 16840 28070 18440 2 2
25250 16840 28070 18440 3 2
26380 710 26940 14410 2 2
26380 710 26940 14410 3 2
26380 760 26940 14360 1 2
26380 760 26940 14360 2 2
26380 12790 26940 18290 2 2
26380 12790 26940 18290 3 2
26380 12840 26940 18240 1 2
26380 12840 26940 18240 2 2
26380 16620 26940 18660 2 2
26380 16620 26940 18660 3 2
26380 16670 26940 18610 1 2
26380 16670 26940 18610 2 2
26410 220 26910 3140 0 2
26410 220 26910 3140 1 2
26410 4420 26910 7340 0 2
26410 4420 26910 7340 1 2
26410 6940 26910 14900 0 2
26410 6940 26910 14900 1 2
26410 42220 26910 50180 0 2
26410 42220 26910 50180 1 2
26410 49780 26910 52700 0 2
26410 49780 26910 52700 1 2
26410 53980 26910 61940 0 2
26410 53980 26910 61940 1 2
26410 61540 26910 64460 0 2
26410 61540 26910 64460 1 2
26580 16520 37060 17080 1 2
26580 16520 37060 17080 2 2
26560 16520 37080 17080 0 2
26560 16520 37080 17080 1 2
26580 28280 37060 28840 1 2
26580 28280 37060 28840 2 2
26560 28280 37080 28840 0 2
26560 28280 37080 28840 1 2
26600 6440 28440 7000 1 2
26600 6440 28440 7000 2 2
26580 6440 28460 7000 0 2
26580 6440 28460 7000 1 2
27240 4910 27800 15250 2 2
27240 4910 27800 15250 3 2
27240 4960 27800 15200 1 2
27240 4960 27800 15200 2 2
27240 5700 27800 7740 2 2
27240 5700 27800 7740 3 2
27240 5750 27800 7690 1 2
27240 5750 27800 7690 2 2
27240 5750 27800 7690 2 2
27240 5750 27800 7690 3 2
27240 5800 27800 7640 1 2
27240 5800 27800 7640 2 2
27270 6940 27770 14900 0 2
27270 6940 27770 14900 1 2
27270 15340 27770 23300 0 2
27270 15340 27770 23300 1 2
27270 27100 27770 35060 0 2
27270 27100 27770 35060 1 2
27270 42220 27770 50180 0 2
27270 42220 27770 50180 1 2
27270 53980 27770 61940 0 2
27270 53980 27770 61940 1 2
26920 6440 38440 7000 1 2
26920 6440 38440 7000 2 2
26900 6440 38460 7000 0 2
26900 6440 38460 7000 1 2
26970 52120 29790 53720 3 2
26970 52120 29790 53720 4 2
26970 52120 29790 53720 2 2
26970 52120 29790 53720 3 2
27440 15680 36200 16240 1 2
27440 15680 36200 16240 2 2
27420 15680 36220 16240 0 2
27420 15680 36220 16240 1 2
27440 24080 36200 24640 1 2
27440 24080 36200 24640 2 2
27420 24080 36220 24640 0 2
27420 24080 36220 24640 1 2
27440 27440 36200 28000 1 2
27440 27440 36200 28000 2 2
27420 27440 36220 28000 0 2
27420 27440 36220 28000 1 2
27440 35840 36200 36400 1 2
27440 35840 36200 36400 2 2
27420 35840 36220 36400 0 2
27420 35840 36220 36400 1 2
27440 40040 36200 40600 1 2
27440 40040 36200 40600 2 2
27420 40040 36220 40600 0 2
27420 40040 36220 40600 1 2
27460 40040 29300 40600 1 2
27460 40040 29300 40600 2 2
27440 40040 29320 40600 0 2
27440 40040 29320 40600 1 2
28100 39350 28660 41290 2 2
28100 39350 28660 41290 3 2
28100 39400 28660 41240 1 2
28100 39400 28660 41240 2 2
27500 40040 29260 40600 1 2
27500 40040 29260 40600 2 2
27480 40040 29280 40600 0 2
27480 40040 29280 40600 1 2
28100 39670 28660 53570 2 2
28100 39670 28660 53570 3 2
28100 39720 28660 53520 1 2
28100 39720 28660 53520 2 2
28100 51900 28660 53940 2 2
28100 51900 28660 53940 3 2
28100 51950 28660 53890 1 2
28100 51950 28660 53890 2 2
28130 220 28630 3140 0 2
28130 220 28630 3140 1 2
28130 4420 28630 7340 0 2
28130 4420 28630 7340 1 2
28130 6940 28630 14900 0 2
28130 6940 28630 14900 1 2
28130 15340 28630 23300 0 2
28130 15340 28630 23300 1 2
28130 22900 28630 25820 0 2
28130 22900 28630 25820 1 2
28130 27100 28630 35060 0 2
28130 27100 28630 35060 1 2
28130 34660 28630 37580 0 2
28130 34660 28630 37580 1 2
28130 38860 28630 41780 0 2
28130 38860 28630 41780 1 2
28130 42220 28630 50180 0 2
28130 42220 28630 50180 1 2
28130 49780 28630 52700 0 2
28130 49780 28630 52700 1 2
28130 53980 28630 61940 0 2
28130 53980 28630 61940 1 2
28130 61540 28630 64460 0 2
28130 61540 28630 64460 1 2
28990 6940 29490 14900 0 2
28990 6940 29490 14900 1 2
28990 15340 29490 23300 0 2
28990 15340 29490 23300 1 2
28990 27100 29490 35060 0 2
28990 27100 29490 35060 1 2
28990 42220 29490 50180 0 2
28990 42220 29490 50180 1 2
28990 53980 29490 61940 0 2
28990 53980 29490 61940 1 2
29850 220 30350 3140 0 2
29850 220 30350 3140 1 2
29850 4420 30350 7340 0 2
29850 4420 30350 7340 1 2
29850 6940 30350 14900 0 2
29850 6940 30350 14900 1 2
29850 15340 30350 23300 0 2
29850 15340 30350 23300 1 2
29850 22900 30350 25820 0 2
29850 22900 30350 25820 1 2
29850 27100 30350 35060 0 2
29850 27100 30350 35060 1 2
29850 34660 30350 37580 0 2
29850 34660 30350 37580 1 2
29850 38860 30350 41780 0 2
29850 38860 30350 41780 1 2
29850 42220 30350 50180 0 2
29850 42220 30350 50180 1 2
29850 49780 30350 52700 0 2
29850 49780 30350 52700 1 2
29850 53980 30350 61940 0 2
29850 53980 30350 61940 1 2
29850 61540 30350 64460 0 2
29850 61540 30350 64460 1 2
30040 19040 31880 19600 1 2
30040 19040 31880 19600 2 2
30020 19040 31900 19600 0 2
30020 19040 31900 19600 1 2
30680 14990 31240 28690 2 2
30680 14990 31240 28690 3 2
30680 15040 31240 28640 1 2
30680 15040 31240 28640 2 2
30680 18300 31240 20340 2 2
30680 18300 31240 20340 3 2
30680 18350 31240 20290 1 2
30680 18350 31240 20290 2 2
30680 18350 31240 20290 2 2
30680 18350 31240 20290 3 2
30680 18400 31240 20240 1 2
30680 18400 31240 20240 2 2
30710 6940 31210 14900 0 2
30710 6940 31210 14900 1 2
30710 15340 31210 23300 0 2
30710 15340 31210 23300 1 2
30710 27100 31210 35060 0 2
30710 27100 31210 35060 1 2
30710 42220 31210 50180 0 2
30710 42220 31210 50180 1 2
30710 53980 31210 61940 0 2
30710 53980 31210 61940 1 2
31540 23390 32100 37090 2 2
31540 23390 32100 37090 3 2
31540 23440 32100 37040 1 2
31540 23440 32100 37040 2 2
31570 220 32070 3140 0 2
31570 220 32070 3140 1 2
31570 4420 32070 7340 0 2
31570 4420 32070 7340 1 2
31570 6940 32070 14900 0 2
31570 6940 32070 14900 1 2
31570 15340 32070 23300 0 2
31570 15340 32070 23300 1 2
31570 22900 32070 25820 0 2
31570 22900 32070 25820 1 2
31570 27100 32070 35060 0 2
31570 27100 32070 35060 1 2
31570 34660 32070 37580 0 2
31570 34660 32070 37580 1 2
31570 38860 32070 41780 0 2
31570 38860 32070 41780 1 2
31570 42220 32070 50180 0 2
31570 42220 32070 50180 1 2
31570 49780 32070 52700 0 2
31570 49780 32070 52700 1 2
31570 53980 32070 61940 0 2
31570 53980 32070 61940 1 2
31570 61540 32070 64460 0 2
31570 61540 32070 64460 1 2
31760 19880 33600 20440 1 2
31760 19880 33600 20440 2 2
31740 19880 33620 20440 0 2
31740 19880 33620 20440 1 2
32400 15830 32960 29530 2 2
32400 15830 32960 29530 3 2
32400 15880 32960 29480 1 2
32400 15880 32960 29480 2 2
32400 19140 32960 21180 2 2
32400 19140 32960 21180 3 2
32400 19190 32960 21130 1 2
32400 19190 32960 21130 2 2
32400 19190 32960 21130 2 2
32400 19190 32960 21130 3 2
32400 19240 32960 21080 1 2
32400 19240 32960 21080 2 2
32430 6940 32930 14900 0 2
32430 6940 32930 14900 1 2
32430 15340 32930 23300 0 2
32430 15340 32930 23300 1 2
32430 27100 32930 35060 0 2
32430 27100 32930 35060 1 2
32430 42220 32930 50180 0 2
32430 42220 32930 50180 1 2
32430 53980 32930 61940 0 2
32430 53980 32930 61940 1 2
32080 19880 43600 20440 1 2
32080 19880 43600 20440 2 2
32060 19880 43620 20440 0 2
32060 19880 43620 20440 1 2
33290 220 33790 3140 0 2
33290 220 33790 3140 1 2
33290 4420 33790 7340 0 2
33290 4420 33790 7340 1 2
33290 6940 33790 14900 0 2
33290 6940 33790 14900 1 2
33290 15340 33790 23300 0 2
33290 15340 33790 23300 1 2
33290 22900 33790 25820 0 2
33290 22900 33790 25820 1 2
33290 27100 33790 35060 0 2
33290 27100 33790 35060 1 2
33290 34660 33790 37580 0 2
33290 34660 33790 37580 1 2
33290 38860 33790 41780 0 2
33290 38860 33790 41780 1 2
33290 42220 33790 50180 0 2
33290 42220 33790 50180 1 2
33290 49780 33790 52700 0 2
33290 49780 33790 52700 1 2
33290 53980 33790 61940 0 2
33290 53980 33790 61940 1 2
33290 61540 33790 64460 0 2
33290 61540 33790 64460 1 2
34150 6940 34650 14900 0 2
34150 6940 34650 14900 1 2
34150 15340 34650 23300 0 2
34150 15340 34650 23300 1 2
34150 27100 34650 35060 0 2
34150 27100 34650 35060 1 2
34150 42220 34650 50180 0 2
34150 42220 34650 50180 1 2
34150 53980 34650 61940 0 2
34150 53980 34650 61940 1 2
35010 220 35510 3140 0 2
35010 220 35510 3140 1 2
35010 4420 35510 7340 0 2
35010 4420 35510 7340 1 2
35010 6940 35510 14900 0 2
35010 6940 35510 14900 1 2
35010 15340 35510 23300 0 2
35010 15340 35510 23300 1 2
35010 22900 35510 25820 0 2
35010 22900 35510 25820 1 2
35010 27100 35510 35060 0 2
35010 27100 35510 35060 1 2
35010 34660 35510 37580 0 2
35010 34660 35510 37580 1 2
35010 38860 35510 41780 0 2
35010 38860 35510 41780 1 2
35010 42220 35510 50180 0 2
35010 42220 35510 50180 1 2
35010 49780 35510 52700 0 2
35010 49780 35510 52700 1 2
35010 53980 35510 61940 0 2
35010 53980 35510 61940 1 2
35010 61540 35510 64460 0 2
35010 61540 35510 64460 1 2
35870 6940 36370 14900 0 2
35870 6940 36370 14900 1 2
35870 15340 36370 23300 0 2
35870 15340 36370 23300 1 2
35870 27100 36370 35060 0 2
35870 27100 36370 35060 1 2
35870 42220 36370 50180 0 2
35870 42220 36370 50180 1 2
35870 53980 36370 61940 0 2
35870 53980 36370 61940 1 2
36900 5600 38780 6160 1 2
36900 5600 38780 6160 2 2
36880 5600 38800 6160 0 2
36880 5600 38800 6160 1 2
36900 6440 38780 7000 1 2
36900 6440 38780 7000 2 2
36880 6440 38800 7000 0 2
36880 6440 38800 7000 1 2
37590 5260 38090 6500 0 2
37590 5260 38090 6500 1 2
37590 5430 38090 7170 0 2
37590 5430 38090 7170 1 2
37590 6100 38090 7340 0 2
37590 6100 38090 7340 1 2
37240 5600 41020 6160 1 2
37240 5600 41020 6160 2 2
37220 5600 41040 6160 0 2
37220 5600 41040 6160 1 2
38620 13160 57700 13720 1 2
38620 13160 57700 13720 2 2
38600 13160 57720 13720 0 2
38600 13160 57720 13720 1 2
38620 16520 49100 17080 1 2
38620 16520 49100 17080 2 2
38600 16520 49120 17080 0 2
38600 16520 49120 17080 1 2
38620 28280 49100 28840 1 2
38620 28280 49100 28840 2 2
38600 28280 49120 28840 0 2
38600 28280 49120 28840 1 2
38620 43400 74900 43960 1 2
38620 43400 74900 43960 2 2
38600 43400 74920 43960 0 2
38600 43400 74920 43960 1 2
38620 55160 74900 55720 1 2
38620 55160 74900 55720 2 2
38600 55160 74920 55720 0 2
38600 55160 74920 55720 1 2
39310 6940 39810 14900 0 2
39310 6940 39810 14900 1 2
39310 15340 39810 23300 0 2
39310 15340 39810 23300 1 2
39310 27100 39810 35060 0 2
39310 27100 39810 35060 1 2
39310 42220 39810 50180 0 2
39310 42220 39810 50180 1 2
39310 53980 39810 61940 0 2
39310 53980 39810 61940 1 2
39010 52120 41830 53720 3 2
39010 52120 41830 53720 4 2
39010 52120 41830 53720 2 2
39010 52120 41830 53720 3 2
39480 1400 56840 1960 1 2
39480 1400 56840 1960 2 2
39460 1400 56860 1960 0 2
39460 1400 56860 1960 1 2
39480 5600 56840 6160 1 2
39480 5600 56840 6160 2 2
39460 5600 56860 6160 0 2
39460 5600 56860 6160 1 2
39480 14000 56840 14560 1 2
39480 14000 56840 14560 2 2
39460 14000 56860 14560 0 2
39460 14000 56860 14560 1 2
39480 15680 48240 16240 1 2
39480 15680 48240 16240 2 2
39460 15680 48260 16240 0 2
39460 15680 48260 16240 1 2
39480 24080 48240 24640 1 2
39480 24080 48240 24640 2 2
39460 24080 48260 24640 0 2
39460 24080 48260 24640 1 2
39480 27440 48240 28000 1 2
39480 27440 48240 28000 2 2
39460 27440 48260 28000 0 2
39460 27440 48260 28000 1 2
39480 35840 48240 36400 1 2
39480 35840 48240 36400 2 2
39460 35840 48260 36400 0 2
39460 35840 48260 36400 1 2
39480 40040 48240 40600 1 2
39480 40040 48240 40600 2 2
39460 40040 48260 40600 0 2
39460 40040 48260 40600 1 2
39480 42560 74040 43120 1 2
39480 42560 74040 43120 2 2
39460 42560 74060 43120 0 2
39460 42560 74060 43120 1 2
39480 50960 74040 51520 1 2
39480 50960 74040 51520 2 2
39460 50960 74060 51520 0 2
39460 50960 74060 51520 1 2
39480 54320 74040 54880 1 2
39480 54320 74040 54880 2 2
39460 54320 74060 54880 0 2
39460 54320 74060 54880 1 2
39480 62720 74040 63280 1 2
39480 62720 74040 63280 2 2
39460 62720 74060 63280 0 2
39460 62720 74060 63280 1 2
39500 40040 41340 40600 1 2
39500 40040 41340 40600 2 2
39480 40040 41360 40600 0 2
39480 40040 41360 40600 1 2
40140 39350 40700 41290 2 2
40140 39350 40700 41290 3 2
40140 39400 40700 41240 1 2
40140 39400 40700 41240 2 2
39540 40040 41300 40600 1 2
39540 40040 41300 40600 2 2
39520 40040 41320 40600 0 2
39520 40040 41320 40600 1 2
40140 39670 40700 53570 2 2
40140 39670 40700 53570 3 2
40140 39720 40700 53520 1 2
40140 39720 40700 53520 2 2
40140 51900 40700 53940 2 2
40140 51900 40700 53940 3 2
40140 51950 40700 53890 1 2
40140 51950 40700 53890 2 2
40170 220 40670 3140 0 2
40170 220 40670 3140 1 2
40170 4420 40670 7340 0 2
40170 4420 40670 7340 1 2
40170 6940 40670 14900 0 2
40170 6940 40670 14900 1 2
40170 15340 40670 23300 0 2
40170 15340 40670 23300 1 2
40170 22900 40670 25820 0 2
40170 22900 40670 25820 1 2
40170 27100 40670 35060 0 2
40170 27100 40670 35060 1 2
40170 34660 40670 37580 0 2
40170 34660 40670 37580 1 2
40170 38860 40670 41780 0 2
40170 38860 40670 41780 1 2
40170 42220 40670 50180 0 2
40170 42220 40670 50180 1 2
40170 49780 40670 52700 0 2
40170 49780 40670 52700 1 2
40170 53980 40670 61940 0 2
40170 53980 40670 61940 1 2
40170 61540 40670 64460 0 2
40170 61540 40670 64460 1 2
41030 6940 41530 14900 0 2
41030 6940 41530 14900 1 2
41030 15340 41530 23300 0 2
41030 15340 41530 23300 1 2
41030 27100 41530 35060 0 2
41030 27100 41530 35060 1 2
41030 42220 41530 50180 0 2
41030 42220 41530 50180 1 2
41030 53980 41530 61940 0 2
41030 53980 41530 61940 1 2
41890 220 42390 3140 0 2
41890 220 42390 3140 1 2
41890 4420 42390 7340 0 2
41890 4420 42390 7340 1 2
41890 6940 42390 14900 0 2
41890 6940 42390 14900 1 2
41890 15340 42390 23300 0 2
41890 15340 42390 23300 1 2
41890 22900 42390 25820 0 2
41890 22900 42390 25820 1 2
41890 27100 42390 35060 0 2
41890 27100 42390 35060 1 2
41890 34660 42390 37580 0 2
41890 34660 42390 37580 1 2
41890 38860 42390 41780 0 2
41890 38860 42390 41780 1 2
41890 42220 42390 50180 0 2
41890 42220 42390 50180 1 2
41890 49780 42390 52700 0 2
41890 49780 42390 52700 1 2
41890 53980 42390 61940 0 2
41890 53980 42390 61940 1 2
41890 61540 42390 64460 0 2
41890 61540 42390 64460 1 2
42080 14000 43920 14560 1 2
42080 14000 43920 14560 2 2
42060 14000 43940 14560 0 2
42060 14000 43940 14560 1 2
42080 19880 43920 20440 1 2
42080 19880 43920 20440 2 2
42060 19880 43940 20440 0 2
42060 19880 43940 20440 1 2
42720 13310 43280 15250 2 2
42720 13310 43280 15250 3 2
42720 13360 43280 15200 1 2
42720 13360 43280 15200 2 2
42720 13630 43280 17450 2 2
42720 13630 43280 17450 3 2
42720 13680 43280 17400 1 2
42720 13680 43280 17400 2 2
42720 15830 43280 29530 2 2
42720 15830 43280 29530 3 2
42720 15880 43280 29480 1 2
42720 15880 43280 29480 2 2
42720 19140 43280 21180 2 2
42720 19140 43280 21180 3 2
42720 19190 43280 21130 1 2
42720 19190 43280 21130 2 2
42720 19190 43280 21130 2 2
42720 19190 43280 21130 3 2
42720 19240 43280 21080 1 2
42720 19240 43280 21080 2 2
42750 6940 43250 14900 0 2
42750 6940 43250 14900 1 2
42750 15340 43250 23300 0 2
42750 15340 43250 23300 1 2
42750 27100 43250 35060 0 2
42750 27100 43250 35060 1 2
42750 42220 43250 50180 0 2
42750 42220 43250 50180 1 2
42750 53980 43250 61940 0 2
42750 53980 43250 61940 1 2
43580 23390 44140 37090 2 2
43580 23390 44140 37090 3 2
43580 23440 44140 37040 1 2
43580 23440 44140 37040 2 2
43610 220 44110 3140 0 2
43610 220 44110 3140 1 2
43610 4420 44110 7340 0 2
43610 4420 44110 7340 1 2
43610 6940 44110 14900 0 2
43610 6940 44110 14900 1 2
43610 15340 44110 23300 0 2
43610 15340 44110 23300 1 2
43610 22900 44110 25820 0 2
43610 22900 44110 25820 1 2
43610 27100 44110 35060 0 2
43610 27100 44110 35060 1 2
43610 34660 44110 37580 0 2
43610 34660 44110 37580 1 2
43610 38860 44110 41780 0 2
43610 38860 44110 41780 1 2
43610 42220 44110 50180 0 2
43610 42220 44110 50180 1 2
43610 49780 44110 52700 0 2
43610 49780 44110 52700 1 2
43610 53980 44110 61940 0 2
43610 53980 44110 61940 1 2
43610 61540 44110 64460 0 2
43610 61540 44110 64460 1 2
43800 21560 45640 22120 1 2
43800 21560 45640 22120 2 2
43780 21560 45660 22120 0 2
43780 21560 45660 22120 1 2
44440 14990 45000 28690 2 2
44440 14990 45000 28690 3 2
44440 15040 45000 28640 1 2
44440 15040 45000 28640 2 2
44440 20820 45000 22860 2 2
44440 20820 45000 22860 3 2
44440 20870 45000 22810 1 2
44440 20870 45000 22810 2 2
44440 20870 45000 22810 2 2
44440 20870 45000 22810 3 2
44440 20920 45000 22760 1 2
44440 20920 45000 22760 2 2
44470 6940 44970 14900 0 2
44470 6940 44970 14900 1 2
44470 15340 44970 23300 0 2
44470 15340 44970 23300 1 2
44470 27100 44970 35060 0 2
44470 27100 44970 35060 1 2
44470 42220 44970 50180 0 2
44470 42220 44970 50180 1 2
44470 53980 44970 61940 0 2
44470 53980 44970 61940 1 2
44120 21560 62520 22120 1 2
44120 21560 62520 22120 2 2
44100 21560 62540 22120 0 2
44100 21560 62540 22120 1 2
45330 220 45830 3140 0 2
45330 220 45830 3140 1 2
45330 4420 45830 7340 0 2
45330 4420 45830 7340 1 2
45330 6940 45830 14900 0 2
45330 6940 45830 14900 1 2
45330 15340 45830 23300 0 2
45330 15340 45830 23300 1 2
45330 22900 45830 25820 0 2
45330 22900 45830 25820 1 2
45330 27100 45830 35060 0 2
45330 27100 45830 35060 1 2
45330 34660 45830 37580 0 2
45330 34660 45830 37580 1 2
45330 38860 45830 41780 0 2
45330 38860 45830 41780 1 2
45330 42220 45830 50180 0 2
45330 42220 45830 50180 1 2
45330 49780 45830 52700 0 2
45330 49780 45830 52700 1 2
45330 53980 45830 61940 0 2
45330 53980 45830 61940 1 2
45330 61540 45830 64460 0 2
45330 61540 45830 64460 1 2
46190 6940 46690 14900 0 2
46190 6940 46690 14900 1 2
46190 15340 46690 23300 0 2
46190 15340 46690 23300 1 2
46190 27100 46690 35060 0 2
46190 27100 46690 35060 1 2
46190 42220 46690 50180 0 2
46190 42220 46690 50180 1 2
46190 53980 46690 61940 0 2
46190 53980 46690 61940 1 2
47050 220 47550 3140 0 2
47050 220 47550 3140 1 2
47050 4420 47550 7340 0 2
47050 4420 47550 7340 1 2
47050 6940 47550 14900 0 2
47050 6940 47550 14900 1 2
47050 15340 47550 23300 0 2
47050 15340 47550 23300 1 2
47050 22900 47550 25820 0 2
47050 22900 47550 25820 1 2
47050 27100 47550 35060 0 2
47050 27100 47550 35060 1 2
47050 34660 47550 37580 0 2
47050 34660 47550 37580 1 2
47050 38860 47550 41780 0 2
47050 38860 47550 41780 1 2
47050 42220 47550 50180 0 2
47050 42220 47550 50180 1 2
47050 49780 47550 52700 0 2
47050 49780 47550 52700 1 2
47050 53980 47550 61940 0 2
47050 53980 47550 61940 1 2
47050 61540 47550 64460 0 2
47050 61540 47550 64460 1 2
47910 6940 48410 14900 0 2
47910 6940 48410 14900 1 2
47910 15340 48410 23300 0 2
47910 15340 48410 23300 1 2
47910 27100 48410 35060 0 2
47910 27100 48410 35060 1 2
47910 42220 48410 50180 0 2
47910 42220 48410 50180 1 2
47910 53980 48410 61940 0 2
47910 53980 48410 61940 1 2
47610 16840 50430 18440 3 2
47610 16840 50430 18440 4 2
47610 16840 50430 18440 2 2
47610 16840 50430 18440 3 2
48740 710 49300 14410 2 2
48740 710 49300 14410 3 2
48740 760 49300 14360 1 2
48740 760 49300 14360 2 2
48740 12790 49300 18290 2 2
48740 12790 49300 18290 3 2
48740 12840 49300 18240 1 2
48740 12840 49300 18240 2 2
48740 16620 49300 18660 2 2
48740 16620 49300 18660 3 2
48740 16670 49300 18610 1 2
48740 16670 49300 18610 2 2
48770 220 49270 3140 0 2
48770 220 49270 3140 1 2
48770 4420 49270 7340 0 2
48770 4420 49270 7340 1 2
48770 6940 49270 14900 0 2
48770 6940 49270 14900 1 2
48770 42220 49270 50180 0 2
48770 42220 49270 50180 1 2
48770 49780 49270 52700 0 2
48770 49780 49270 52700 1 2
48770 53980 49270 61940 0 2
48770 53980 49270 61940 1 2
48770 61540 49270 64460 0 2
48770 61540 49270 64460 1 2
49630 6940 50130 14900 0 2
49630 6940 50130 14900 1 2
49630 42220 50130 50180 0 2
49630 42220 50130 50180 1 2
49630 53980 50130 61940 0 2
49630 53980 50130 61940 1 2
50490 220 50990 3140 0 2
50490 220 50990 3140 1 2
50490 4420 50990 7340 0 2
50490 4420 50990 7340 1 2
50490 6940 50990 14900 0 2
50490 6940 50990 14900 1 2
50490 42220 50990 50180 0 2
50490 42220 50990 50180 1 2
50490 49780 50990 52700 0 2
50490 49780 50990 52700 1 2
50490 53980 50990 61940 0 2
50490 53980 50990 61940 1 2
50490 61540 50990 64460 0 2
50490 61540 50990 64460 1 2
50660 28280 73180 28840 1 2
50660 28280 73180 28840 2 2
50640 28280 73200 28840 0 2
50640 28280 73200 28840 1 2
50660 40040 73180 40600 1 2
50660 40040 73180 40600 2 2
50640 40040 73200 40600 0 2
50640 40040 73200 40600 1 2
51350 6940 51850 14900 0 2
51350 6940 51850 14900 1 2
51350 22060 51850 30020 0 2
51350 22060 51850 30020 1 2
51350 33820 51850 41780 0 2
51350 33820 51850 41780 1 2
51350 42220 51850 50180 0 2
51350 42220 51850 50180 1 2
51350 53980 51850 61940 0 2
51350 53980 51850 61940 1 2
51520 16520 72320 17080 1 2
51520 16520 72320 17080 2 2
51500 16520 72340 17080 0 2
51500 16520 72340 17080 1 2
51520 20720 72320 21280 1 2
51520 20720 72320 21280 2 2
51500 20720 72340 21280 0 2
51500 20720 72340 21280 1 2
51520 29120 72320 29680 1 2
51520 29120 72320 29680 2 2
51500 29120 72340 29680 0 2
51500 29120 72340 29680 1 2
51520 32480 72320 33040 1 2
51520 32480 72320 33040 2 2
51500 32480 72340 33040 0 2
51500 32480 72340 33040 1 2
51520 40880 72320 41440 1 2
51520 40880 72320 41440 2 2
51500 40880 72340 41440 0 2
51500 40880 72340 41440 1 2
52210 220 52710 3140 0 2
52210 220 52710 3140 1 2
52210 4420 52710 7340 0 2
52210 4420 52710 7340 1 2
52210 6940 52710 14900 0 2
52210 6940 52710 14900 1 2
52210 15340 52710 18260 0 2
52210 15340 52710 18260 1 2
52210 19540 52710 22460 0 2
52210 19540 52710 22460 1 2
52210 22060 52710 30020 0 2
52210 22060 52710 30020 1 2
52210 31300 52710 34220 0 2
52210 31300 52710 34220 1 2
52210 33820 52710 41780 0 2
52210 33820 52710 41780 1 2
52210 42220 52710 50180 0 2
52210 42220 52710 50180 1 2
52210 49780 52710 52700 0 2
52210 49780 52710 52700 1 2
52210 53980 52710 61940 0 2
52210 53980 52710 61940 1 2
52210 61540 52710 64460 0 2
52210 61540 52710 64460 1 2
53070 6940 53570 14900 0 2
53070 6940 53570 14900 1 2
53070 22060 53570 30020 0 2
53070 22060 53570 30020 1 2
53070 33820 53570 41780 0 2
53070 33820 53570 41780 1 2
53070 42220 53570 50180 0 2
53070 42220 53570 50180 1 2
53070 53980 53570 61940 0 2
53070 53980 53570 61940 1 2
53930 220 54430 3140 0 2
53930 220 54430 3140 1 2
53930 4420 54430 7340 0 2
53930 4420 54430 7340 1 2
53930 6940 54430 14900 0 2
53930 6940 54430 14900 1 2
53930 15340 54430 18260 0 2
53930 15340 54430 18260 1 2
53930 19540 54430 22460 0 2
53930 19540 54430 22460 1 2
53930 22060 54430 30020 0 2
53930 22060 54430 30020 1 2
53930 31300 54430 34220 0 2
53930 31300 54430 34220 1 2
53930 33820 54430 41780 0 2
53930 33820 54430 41780 1 2
53930 42220 54430 50180 0 2
53930 42220 54430 50180 1 2
53930 49780 54430 52700 0 2
53930 49780 54430 52700 1 2
53930 53980 54430 61940 0 2
53930 53980 54430 61940 1 2
53930 61540 54430 64460 0 2
53930 61540 54430 64460 1 2
54790 6940 55290 14900 0 2
54790 6940 55290 14900 1 2
54790 22060 55290 30020 0 2
54790 22060 55290 30020 1 2
54790 33820 55290 41780 0 2
54790 33820 55290 41780 1 2
54790 42220 55290 50180 0 2
54790 42220 55290 50180 1 2
54790 53980 55290 61940 0 2
54790 53980 55290 61940 1 2
54490 52120 57310 53720 3 2
54490 52120 57310 53720 4 2
54490 52120 57310 53720 2 2
54490 52120 57310 53720 3 2
55620 42710 56180 91690 2 2
55620 42710 56180 91690 3 2
55620 42760 56180 91640 1 2
55620 42760 56180 91640 2 2
55620 51900 56180 53940 2 2
55620 51900 56180 53940 3 2
55620 51950 56180 53890 1 2
55620 51950 56180 53890 2 2
55620 51990 56180 53850 2 2
55620 51990 56180 53850 3 2
55620 52040 56180 53800 1 2
55620 52040 56180 53800 2 2
55650 220 56150 3140 0 2
55650 220 56150 3140 1 2
55650 4420 56150 7340 0 2
55650 4420 56150 7340 1 2
55650 6940 56150 14900 0 2
55650 6940 56150 14900 1 2
55650 15340 56150 18260 0 2
55650 15340 56150 18260 1 2
55650 19540 56150 22460 0 2
55650 19540 56150 22460 1 2
55650 22060 56150 30020 0 2
55650 22060 56150 30020 1 2
55650 31300 56150 34220 0 2
55650 31300 56150 34220 1 2
55650 33820 56150 41780 0 2
55650 33820 56150 41780 1 2
55650 42220 56150 50180 0 2
55650 42220 56150 50180 1 2
55650 49780 56150 52700 0 2
55650 49780 56150 52700 1 2
55650 53980 56150 61940 0 2
55650 53980 56150 61940 1 2
55650 61540 56150 64460 0 2
55650 61540 56150 64460 1 2
55820 42040 57700 43640 3 2
55820 42040 57700 43640 4 2
55820 42040 57700 43640 2 2
55820 42040 57700 43640 3 2
55840 56000 57680 56560 1 2
55840 56000 57680 56560 2 2
55820 56000 57700 56560 0 2
55820 56000 57700 56560 1 2
56480 41820 57040 43860 2 2
56480 41820 57040 43860 3 2
56480 41870 57040 43810 1 2
56480 41870 57040 43810 2 2
56480 41870 57040 87490 2 2
56480 41870 57040 87490 3 2
56480 41920 57040 87440 1 2
56480 41920 57040 87440 2 2
56480 55260 57040 57300 2 2
56480 55260 57040 57300 3 2
56480 55310 57040 57250 1 2
56480 55310 57040 57250 2 2
56480 55310 57040 57250 2 2
56480 55310 57040 57250 3 2
56480 55360 57040 57200 1 2
56480 55360 57040 57200 2 2
56510 6940 57010 14900 0 2
56510 6940 57010 14900 1 2
56510 22060 57010 30020 0 2
56510 22060 57010 30020 1 2
56510 33820 57010 41780 0 2
56510 33820 57010 41780 1 2
56510 42220 57010 50180 0 2
56510 42220 57010 50180 1 2
56510 53980 57010 61940 0 2
56510 53980 57010 61940 1 2
56150 42040 61670 43640 3 2
56150 42040 61670 43640 4 2
56150 42040 61670 43640 2 2
56150 42040 61670 43640 3 2
57370 15340 57870 18260 0 2
57370 15340 57870 18260 1 2
57370 19540 57870 22460 0 2
57370 19540 57870 22460 1 2
57370 22060 57870 30020 0 2
57370 22060 57870 30020 1 2
57370 31300 57870 34220 0 2
57370 31300 57870 34220 1 2
57370 33820 57870 41780 0 2
57370 33820 57870 41780 1 2
57370 42220 57870 50180 0 2
57370 42220 57870 50180 1 2
57370 49780 57870 52700 0 2
57370 49780 57870 52700 1 2
57370 53980 57870 61940 0 2
57370 53980 57870 61940 1 2
57370 61540 57870 64460 0 2
57370 61540 57870 64460 1 2
58230 22060 58730 30020 0 2
58230 22060 58730 30020 1 2
58230 33820 58730 41780 0 2
58230 33820 58730 41780 1 2
58230 42220 58730 50180 0 2
58230 42220 58730 50180 1 2
58230 53980 58730 61940 0 2
58230 53980 58730 61940 1 2
59090 15340 59590 18260 0 2
59090 15340 59590 18260 1 2
59090 19540 59590 22460 0 2
59090 19540 59590 22460 1 2
59090 22060 59590 30020 0 2
59090 22060 59590 30020 1 2
59090 31300 59590 34220 0 2
59090 31300 59590 34220 1 2
59090 33820 59590 41780 0 2
59090 33820 59590 41780 1 2
59090 42220 59590 50180 0 2
59090 42220 59590 50180 1 2
59090 49780 59590 52700 0 2
59090 49780 59590 52700 1 2
59090 53980 59590 61940 0 2
59090 53980 59590 61940 1 2
59090 61540 59590 64460 0 2
59090 61540 59590 64460 1 2
59260 13160 66300 13720 1 2
59260 13160 66300 13720 2 2
59240 13160 66320 13720 0 2
59240 13160 66320 13720 1 2
59950 6940 60450 14900 0 2
59950 6940 60450 14900 1 2
59950 22060 60450 30020 0 2
59950 22060 60450 30020 1 2
59950 33820 60450 41780 0 2
59950 33820 60450 41780 1 2
59950 42220 60450 50180 0 2
59950 42220 60450 50180 1 2
59950 53980 60450 61940 0 2
59950 53980 60450 61940 1 2
60120 1400 65440 1960 1 2
60120 1400 65440 1960 2 2
60100 1400 65460 1960 0 2
60100 1400 65460 1960 1 2
60120 5600 65440 6160 1 2
60120 5600 65440 6160 2 2
60100 5600 65460 6160 0 2
60100 5600 65460 6160 1 2
60120 14000 65440 14560 1 2
60120 14000 65440 14560 2 2
60100 14000 65460 14560 0 2
60100 14000 65460 14560 1 2
60120 42040 62000 43640 3 2
60120 42040 62000 43640 4 2
60120 42040 62000 43640 2 2
60120 42040 62000 43640 3 2
60140 560 61980 1120 1 2
60140 560 61980 1120 2 2
60120 560 62000 1120 0 2
60120 560 62000 1120 1 2
60780 -650 61340 1490 2 2
60780 -650 61340 1490 3 2
60780 -600 61340 1440 1 2
60780 -600 61340 1440 2 2
60780 -130 61340 1810 2 2
60780 -130 61340 1810 3 2
60780 -80 61340 1760 1 2
60780 -80 61340 1760 2 2
60780 28430 61340 42130 2 2
60780 28430 61340 42130 3 2
60780 28480 61340 42080 1 2
60780 28480 61340 42080 2 2
60780 40510 61340 43490 2 2
60780 40510 61340 43490 3 2
60780 40560 61340 43440 1 2
60780 40560 61340 43440 2 2
60780 41820 61340 43860 2 2
60780 41820 61340 43860 3 2
60780 41870 61340 43810 1 2
60780 41870 61340 43810 2 2
60810 220 61310 3140 0 2
60810 220 61310 3140 1 2
60810 4420 61310 7340 0 2
60810 4420 61310 7340 1 2
60810 6940 61310 14900 0 2
60810 6940 61310 14900 1 2
60810 15340 61310 18260 0 2
60810 15340 61310 18260 1 2
60810 19540 61310 22460 0 2
60810 19540 61310 22460 1 2
60810 22060 61310 30020 0 2
60810 22060 61310 30020 1 2
60810 31300 61310 34220 0 2
60810 31300 61310 34220 1 2
60810 33820 61310 41780 0 2
60810 33820 61310 41780 1 2
60810 42220 61310 50180 0 2
60810 42220 61310 50180 1 2
60810 49780 61310 52700 0 2
60810 49780 61310 52700 1 2
60810 53980 61310 61940 0 2
60810 53980 61310 61940 1 2
60810 61540 61310 64460 0 2
60810 61540 61310 64460 1 2
60460 560 62520 1120 1 2
60460 560 62520 1120 2 2
60440 560 62540 1120 0 2
60440 560 62540 1120 1 2
61000 560 62840 1120 1 2
61000 560 62840 1120 2 2
60980 560 62860 1120 0 2
60980 560 62860 1120 1 2
61000 14840 62840 15400 1 2
61000 14840 62840 15400 2 2
60980 14840 62860 15400 0 2
60980 14840 62860 15400 1 2
61000 21560 62840 22120 1 2
61000 21560 62840 22120 2 2
60980 21560 62860 22120 0 2
60980 21560 62860 22120 1 2
61640 -130 62200 1810 2 2
61640 -130 62200 1810 3 2
61640 -80 62200 1760 1 2
61640 -80 62200 1760 2 2
61640 190 62200 2330 2 2
61640 190 62200 2330 3 2
61640 240 62200 2280 1 2
61640 240 62200 2280 2 2
61640 14150 62200 16090 2 2
61640 14150 62200 16090 3 2
61640 14200 62200 16040 1 2
61640 14200 62200 16040 2 2
61640 14470 62200 21650 2 2
61640 14470 62200 21650 3 2
61640 14520 62200 21600 1 2
61640 14520 62200 21600 2 2
61640 20030 62200 33730 2 2
61640 20030 62200 33730 3 2
61640 20080 62200 33680 1 2
61640 20080 62200 33680 2 2
61640 20820 62200 22860 2 2
61640 20820 62200 22860 3 2
61640 20870 62200 22810 1 2
61640 20870 62200 22810 2 2
61640 20870 62200 22810 2 2
61640 20870 62200 22810 3 2
61640 20920 62200 22760 1 2
61640 20920 62200 22760 2 2
61670 6940 62170 14900 0 2
61670 6940 62170 14900 1 2
61670 22060 62170 30020 0 2
61670 22060 62170 30020 1 2
61670 33820 62170 41780 0 2
61670 33820 62170 41780 1 2
61670 42220 62170 50180 0 2
61670 42220 62170 50180 1 2
61670 53980 62170 61940 0 2
61670 53980 62170 61940 1 2
61320 14840 63380 15400 1 2
61320 14840 63380 15400 2 2
61300 14840 63400 15400 0 2
61300 14840 63400 15400 1 2
61370 34480 64190 36080 3 2
61370 34480 64190 36080 4 2
61370 34480 64190 36080 2 2
61370 34480 64190 36080 3 2
61840 34480 63720 36080 3 2
61840 34480 63720 36080 4 2
61840 34480 63720 36080 2 2
61840 34480 63720 36080 3 2
61860 14840 63700 15400 1 2
61860 14840 63700 15400 2 2
61840 14840 63720 15400 0 2
61840 14840 63720 15400 1 2
62500 4910 63060 15250 2 2
62500 4910 63060 15250 3 2
62500 4960 63060 15200 1 2
62500 4960 63060 15200 2 2
62500 13630 63060 15770 2 2
62500 13630 63060 15770 3 2
62500 13680 63060 15720 1 2
62500 13680 63060 15720 2 2
62500 14150 63060 16090 2 2
62500 14150 63060 16090 3 2
62500 14200 63060 16040 1 2
62500 14200 63060 16040 2 2
62500 34260 63060 36300 2 2
62500 34260 63060 36300 3 2
62500 34310 63060 36250 1 2
62500 34310 63060 36250 2 2
62500 34350 63060 36210 2 2
62500 34350 63060 36210 3 2
62500 34400 63060 36160 1 2
62500 34400 63060 36160 2 2
62530 220 63030 3140 0 2
62530 220 63030 3140 1 2
62530 4420 63030 7340 0 2
62530 4420 63030 7340 1 2
62530 6940 63030 14900 0 2
62530 6940 63030 14900 1 2
62530 15340 63030 18260 0 2
62530 15340 63030 18260 1 2
62530 19540 63030 22460 0 2
62530 19540 63030 22460 1 2
62530 22060 63030 30020 0 2
62530 22060 63030 30020 1 2
62530 31300 63030 34220 0 2
62530 31300 63030 34220 1 2
62530 33820 63030 41780 0 2
62530 33820 63030 41780 1 2
62530 42220 63030 50180 0 2
62530 42220 63030 50180 1 2
62530 49780 63030 52700 0 2
62530 49780 63030 52700 1 2
62530 53980 63030 61940 0 2
62530 53980 63030 61940 1 2
62530 61540 63030 64460 0 2
62530 61540 63030 64460 1 2
63390 6940 63890 14900 0 2
63390 6940 63890 14900 1 2
63390 22060 63890 30020 0 2
63390 22060 63890 30020 1 2
63390 33820 63890 41780 0 2
63390 33820 63890 41780 1 2
63390 42220 63890 50180 0 2
63390 42220 63890 50180 1 2
63390 53980 63890 61940 0 2
63390 53980 63890 61940 1 2
64250 220 64750 3140 0 2
64250 220 64750 3140 1 2
64250 4420 64750 7340 0 2
64250 4420 64750 7340 1 2
64250 6940 64750 14900 0 2
64250 6940 64750 14900 1 2
64250 15340 64750 18260 0 2
64250 15340 64750 18260 1 2
64250 19540 64750 22460 0 2
64250 19540 64750 22460 1 2
64250 22060 64750 30020 0 2
64250 22060 64750 30020 1 2
64250 31300 64750 34220 0 2
64250 31300 64750 34220 1 2
64250 33820 64750 41780 0 2
64250 33820 64750 41780 1 2
64250 42220 64750 50180 0 2
64250 42220 64750 50180 1 2
64250 49780 64750 52700 0 2
64250 49780 64750 52700 1 2
64250 53980 64750 61940 0 2
64250 53980 64750 61940 1 2
64250 61540 64750 64460 0 2
64250 61540 64750 64460 1 2
