17810 15340 18310 18260 0 2
17810 15340 18310 18260 1 2
17810 19540 18310 22460 0 2
17810 19540 18310 22460 1 2
17810 22060 18310 30020 0 2
17810 22060 18310 30020 1 2
17810 31300 18310 34220 0 2
17810 31300 18310 34220 1 2
17980 13160 37060 13720 1 2
17980 13160 37060 13720 2 2
17960 13160 37080 13720 0 2
17960 13160 37080 13720 1 2
18670 6940 19170 14900 0 2
18670 6940 19170 14900 1 2
18670 22060 19170 30020 0 2
18670 22060 19170 30020 1 2
18840 1400 36200 1960 1 2
18840 1400 36200 1960 2 2
18820 1400 36220 1960 0 2
18820 1400 36220 1960 1 2
18840 5600 36200 6160 1 2
18840 5600 36200 6160 2 2
18820 5600 36220 6160 0 2
18820 5600 36220 6160 1 2
18840 14000 36200 14560 1 2
18840 14000 36200 14560 2 2
18820 14000 36220 14560 0 2
18820 14000 36220 14560 1 2
19530 220 20030 3140 0 2
19530 220 20030 3140 1 2
19530 4420 20030 7340 0 2
19530 4420 20030 7340 1 2
19530 6940 20030 14900 0 2
19530 6940 20030 14900 1 2
19530 15340 20030 18260 0 2
19530 15340 20030 18260 1 2
19530 19540 20030 22460 0 2
19530 19540 20030 22460 1 2
19530 22060 20030 30020 0 2
19530 22060 20030 30020 1 2
19530 31300 20030 34220 0 2
19530 31300 20030 34220 1 2
20390 6940 20890 14900 0 2
20390 6940 20890 14900 1 2
20390 22060 20890 30020 0 2
20390 22060 20890 30020 1 2
21250 220 21750 3140 0 2
21250 220 21750 3140 1 2
21250 4420 21750 7340 0 2
21250 4420 21750 7340 1 2
21250 6940 21750 14900 0 2
21250 6940 21750 14900 1 2
21250 15340 21750 18260 0 2
21250 15340 21750 18260 1 2
21250 19540 21750 22460 0 2
21250 19540 21750 22460 1 2
21250 22060 21750 30020 0 2
21250 22060 21750 30020 1 2
21250 31300 21750 34220 0 2
21250 31300 21750 34220 1 2
22110 6940 22610 14900 0 2
22110 6940 22610 14900 1 2
22110 22060 22610 30020 0 2
22110 22060 22610 30020 1 2
22970 220 23470 3140 0 2
22970 220 23470 3140 1 2
22970 4420 23470 7340 0 2
22970 4420 23470 7340 1 2
22970 6940 23470 14900 0 2
22970 6940 23470 14900 1 2
22970 15340 23470 18260 0 2
22970 15340 23470 18260 1 2
22970 19540 23470 22460 0 2
22970 19540 23470 22460 1 2
22970 22060 23470 30020 0 2
22970 22060 23470 30020 1 2
22970 31300 23470 34220 0 2
22970 31300 23470 34220 1 2
23830 6940 24330 14900 0 2
23830 6940 24330 14900 1 2
23830 22060 24330 30020 0 2
23830 22060 24330 30020 1 2
24690 220 25190 3140 0 2
24690 220 25190 3140 1 2
24690 4420 25190 7340 0 2
24690 4420 25190 7340 1 2
24690 6940 25190 14900 0 2
24690 6940 25190 14900 1 2
25550 6940 26050 14900 0 2
25550 6940 26050 14900 1 2
26380 710 26940 14410 2 2
26380 710 26940 14410 3 2
26380 760 26940 14360 1 2
26380 760 26940 14360 2 2
26410 220 26910 3140 0 2
26410 220 26910 3140 1 2
26410 4420 26910 7340 0 2
26410 4420 26910 7340 1 2
26410 6940 26910 14900 0 2
26410 6940 26910 14900 1 2
26580 16520 37060 17080 1 2
26580 16520 37060 17080 2 2
26560 16520 37080 17080 0 2
26560 16520 37080 17080 1 2
26580 28280 37060 28840 1 2
26580 28280 37060 28840 2 2
26560 28280 37080 28840 0 2
26560 28280 37080 28840 1 2
26600 6440 28440 7000 1 2
26600 6440 28440 7000 2 2
26580 6440 28460 7000 0 2
26580 6440 28460 7000 1 2
27240 4910 27800 15250 2 2
27240 4910 27800 15250 3 2
27240 4960 27800 15200 1 2
27240 4960 27800 15200 2 2
27240 5700 27800 7740 2 2
27240 5700 27800 7740 3 2
27240 5750 27800 7690 1 2
27240 5750 27800 7690 2 2
27240 5750 27800 7690 2 2
27240 5750 27800 7690 3 2
27240 5800 27800 7640 1 2
27240 5800 27800 7640 2 2
27270 6940 27770 14900 0 2
27270 6940 27770 14900 1 2
27270 15340 27770 23300 0 2
27270 15340 27770 23300 1 2
27270 27100 27770 35060 0 2
27270 27100 27770 35060 1 2
26920 6440 38440 7000 1 2
26920 6440 38440 7000 2 2
26900 6440 38460 7000 0 2
26900 6440 38460 7000 1 2
27440 15680 36200 16240 1 2
27440 15680 36200 16240 2 2
27420 15680 36220 16240 0 2
27420 15680 36220 16240 1 2
27440 24080 36200 24640 1 2
27440 24080 36200 24640 2 2
27420 24080 36220 24640 0 2
27420 24080 36220 24640 1 2
27440 27440 36200 28000 1 2
27440 27440 36200 28000 2 2
27420 27440 36220 28000 0 2
27420 27440 36220 28000 1 2
28130 220 28630 3140 0 2
28130 220 28630 3140 1 2
28130 4420 28630 7340 0 2
28130 4420 28630 7340 1 2
28130 6940 28630 14900 0 2
28130 6940 28630 14900 1 2
28130 15340 28630 23300 0 2
28130 15340 28630 23300 1 2
28130 22900 28630 25820 0 2
28130 22900 28630 25820 1 2
28130 27100 28630 35060 0 2
28130 27100 28630 35060 1 2
28990 6940 29490 14900 0 2
28990 6940 29490 14900 1 2
28990 15340 29490 23300 0 2
28990 15340 29490 23300 1 2
28990 27100 29490 35060 0 2
28990 27100 29490 35060 1 2
29850 220 30350 3140 0 2
29850 220 30350 3140 1 2
29850 4420 30350 7340 0 2
29850 4420 30350 7340 1 2
29850 6940 30350 14900 0 2
29850 6940 30350 14900 1 2
29850 15340 30350 23300 0 2
29850 15340 30350 23300 1 2
29850 22900 30350 25820 0 2
29850 22900 30350 25820 1 2
29850 27100 30350 35060 0 2
29850 27100 30350 35060 1 2
30040 19040 31880 19600 1 2
30040 19040 31880 19600 2 2
30020 19040 31900 19600 0 2
30020 19040 31900 19600 1 2
30680 14990 31240 28690 2 2
30680 14990 31240 28690 3 2
30680 15040 31240 28640 1 2
30680 15040 31240 28640 2 2
30680 18300 31240 20340 2 2
30680 18300 31240 20340 3 2
30680 18350 31240 20290 1 2
30680 18350 31240 20290 2 2
30680 18350 31240 20290 2 2
30680 18350 31240 20290 3 2
30680 18400 31240 20240 1 2
30680 18400 31240 20240 2 2
30710 6940 31210 14900 0 2
30710 6940 31210 14900 1 2
30710 15340 31210 23300 0 2
30710 15340 31210 23300 1 2
30710 27100 31210 35060 0 2
30710 27100 31210 35060 1 2
31540 23390 32100 37090 2 2
31540 23390 32100 37090 3 2
31540 23440 32100 37040 1 2
31540 23440 32100 37040 2 2
31570 220 32070 3140 0 2
31570 220 32070 3140 1 2
31570 4420 32070 7340 0 2
31570 4420 32070 7340 1 2
31570 6940 32070 14900 0 2
31570 6940 32070 14900 1 2
31570 15340 32070 23300 0 2
31570 15340 32070 23300 1 2
31570 22900 32070 25820 0 2
31570 22900 32070 25820 1 2
31570 27100 32070 35060 0 2
31570 27100 32070 35060 1 2
32430 6940 32930 14900 0 2
32430 6940 32930 14900 1 2
32430 15340 32930 23300 0 2
32430 15340 32930 23300 1 2
32430 27100 32930 35060 0 2
32430 27100 32930 35060 1 2
33290 220 33790 3140 0 2
33290 220 33790 3140 1 2
33290 4420 33790 7340 0 2
33290 4420 33790 7340 1 2
33290 6940 33790 14900 0 2
33290 6940 33790 14900 1 2
33290 15340 33790 23300 0 2
33290 15340 33790 23300 1 2
33290 22900 33790 25820 0 2
33290 22900 33790 25820 1 2
33290 27100 33790 35060 0 2
33290 27100 33790 35060 1 2
34150 6940 34650 14900 0 2
34150 6940 34650 14900 1 2
34150 15340 34650 23300 0 2
34150 15340 34650 23300 1 2
34150 27100 34650 35060 0 2
34150 27100 34650 35060 1 2
35010 220 35510 3140 0 2
35010 220 35510 3140 1 2
35010 4420 35510 7340 0 2
35010 4420 35510 7340 1 2
35010 6940 35510 14900 0 2
35010 6940 35510 14900 1 2
35010 15340 35510 23300 0 2
35010 15340 35510 23300 1 2
35010 22900 35510 25820 0 2
35010 22900 35510 25820 1 2
35010 27100 35510 35060 0 2
35010 27100 35510 35060 1 2
35870 6940 36370 14900 0 2
35870 6940 36370 14900 1 2
35870 15340 36370 23300 0 2
35870 15340 36370 23300 1 2
35870 27100 36370 35060 0 2
35870 27100 36370 35060 1 2
36900 5600 38780 6160 1 2
36900 5600 38780 6160 2 2
36880 5600 38800 6160 0 2
36880 5600 38800 6160 1 2
36900 6440 38780 7000 1 2
36900 6440 38780 7000 2 2
36880 6440 38800 7000 0 2
36880 6440 38800 7000 1 2
37590 5260 38090 6500 0 2
37590 5260 38090 6500 1 2
37590 5430 38090 7170 0 2
37590 5430 38090 7170 1 2
37590 6100 38090 7340 0 2
37590 6100 38090 7340 1 2
37240 5600 41020 6160 1 2
37240 5600 41020 6160 2 2
37220 5600 41040 6160 0 2
37220 5600 41040 6160 1 2
38620 13160 57700 13720 1 2
38620 13160 57700 13720 2 2
38600 13160 57720 13720 0 2
38600 13160 57720 13720 1 2
38620 16520 49100 17080 1 2
38620 16520 49100 17080 2 2
38600 16520 49120 17080 0 2
38600 16520 49120 17080 1 2
38620 28280 49100 28840 1 2
38620 28280 49100 28840 2 2
38600 28280 49120 28840 0 2
38600 28280 49120 28840 1 2
39310 6940 39810 14900 0 2
39310 6940 39810 14900 1 2
39310 15340 39810 23300 0 2
39310 15340 39810 23300 1 2
39310 27100 39810 35060 0 2
39310 27100 39810 35060 1 2
39480 1400 56840 1960 1 2
39480 1400 56840 1960 2 2
39460 1400 56860 1960 0 2
39460 1400 56860 1960 1 2
39480 5600 56840 6160 1 2
39480 5600 56840 6160 2 2
39460 5600 56860 6160 0 2
39460 5600 56860 6160 1 2
39480 15680 48240 16240 1 2
39480 15680 48240 16240 2 2
39460 15680 48260 16240 0 2
39460 15680 48260 16240 1 2
39480 24080 48240 24640 1 2
39480 24080 48240 24640 2 2
39460 24080 48260 24640 0 2
39460 24080 48260 24640 1 2
39480 27440 48240 28000 1 2
39480 27440 48240 28000 2 2
39460 27440 48260 28000 0 2
39460 27440 48260 28000 1 2
40170 220 40670 3140 0 2
40170 220 40670 3140 1 2
40170 4420 40670 7340 0 2
40170 4420 40670 7340 1 2
40170 6940 40670 14900 0 2
40170 6940 40670 14900 1 2
40170 15340 40670 23300 0 2
40170 15340 40670 23300 1 2
40170 22900 40670 25820 0 2
40170 22900 40670 25820 1 2
40170 27100 40670 35060 0 2
40170 27100 40670 35060 1 2
41030 6940 41530 14900 0 2
41030 6940 41530 14900 1 2
41030 15340 41530 23300 0 2
41030 15340 41530 23300 1 2
41030 27100 41530 35060 0 2
41030 27100 41530 35060 1 2
41890 220 42390 3140 0 2
41890 220 42390 3140 1 2
41890 4420 42390 7340 0 2
41890 4420 42390 7340 1 2
41890 6940 42390 14900 0 2
41890 6940 42390 14900 1 2
41890 15340 42390 23300 0 2
41890 15340 42390 23300 1 2
41890 22900 42390 25820 0 2
41890 22900 42390 25820 1 2
41890 27100 42390 35060 0 2
41890 27100 42390 35060 1 2
42750 6940 43250 14900 0 2
42750 6940 43250 14900 1 2
42750 15340 43250 23300 0 2
42750 15340 43250 23300 1 2
42750 27100 43250 35060 0 2
42750 27100 43250 35060 1 2
43580 23390 44140 37090 2 2
43580 23390 44140 37090 3 2
43580 23440 44140 37040 1 2
43580 23440 44140 37040 2 2
43610 220 44110 3140 0 2
43610 220 44110 3140 1 2
43610 4420 44110 7340 0 2
43610 4420 44110 7340 1 2
43610 6940 44110 14900 0 2
43610 6940 44110 14900 1 2
43610 15340 44110 23300 0 2
43610 15340 44110 23300 1 2
43610 22900 44110 25820 0 2
43610 22900 44110 25820 1 2
43610 27100 44110 35060 0 2
43610 27100 44110 35060 1 2
43800 21560 45640 22120 1 2
43800 21560 45640 22120 2 2
43780 21560 45660 22120 0 2
43780 21560 45660 22120 1 2
44440 14990 45000 28690 2 2
44440 14990 45000 28690 3 2
44440 15040 45000 28640 1 2
44440 15040 45000 28640 2 2
44440 20820 45000 22860 2 2
44440 20820 45000 22860 3 2
44440 20870 45000 22810 1 2
44440 20870 45000 22810 2 2
44440 20870 45000 22810 2 2
44440 20870 45000 22810 3 2
44440 20920 45000 22760 1 2
44440 20920 45000 22760 2 2
44470 6940 44970 14900 0 2
44470 6940 44970 14900 1 2
44470 15340 44970 23300 0 2
44470 15340 44970 23300 1 2
44470 27100 44970 35060 0 2
44470 27100 44970 35060 1 2
44120 21560 62520 22120 1 2
44120 21560 62520 22120 2 2
44100 21560 62540 22120 0 2
44100 21560 62540 22120 1 2
45330 220 45830 3140 0 2
45330 220 45830 3140 1 2
45330 4420 45830 7340 0 2
45330 4420 45830 7340 1 2
45330 6940 45830 14900 0 2
45330 6940 45830 14900 1 2
45330 15340 45830 23300 0 2
45330 15340 45830 23300 1 2
45330 22900 45830 25820 0 2
45330 22900 45830 25820 1 2
45330 27100 45830 35060 0 2
45330 27100 45830 35060 1 2
46190 6940 46690 14900 0 2
46190 6940 46690 14900 1 2
46190 15340 46690 23300 0 2
46190 15340 46690 23300 1 2
46190 27100 46690 35060 0 2
46190 27100 46690 35060 1 2
47050 220 47550 3140 0 2
47050 220 47550 3140 1 2
47050 4420 47550 7340 0 2
47050 4420 47550 7340 1 2
47050 6940 47550 14900 0 2
47050 6940 47550 14900 1 2
47050 15340 47550 23300 0 2
47050 15340 47550 23300 1 2
47050 22900 47550 25820 0 2
47050 22900 47550 25820 1 2
47050 27100 47550 35060 0 2
47050 27100 47550 35060 1 2
47910 6940 48410 14900 0 2
47910 6940 48410 14900 1 2
47910 15340 48410 23300 0 2
47910 15340 48410 23300 1 2
47910 27100 48410 35060 0 2
47910 27100 48410 35060 1 2
48740 710 49300 14410 2 2
48740 710 49300 14410 3 2
48740 760 49300 14360 1 2
48740 760 49300 14360 2 2
48770 220 49270 3140 0 2
48770 220 49270 3140 1 2
48770 4420 49270 7340 0 2
48770 4420 49270 7340 1 2
48770 6940 49270 14900 0 2
48770 6940 49270 14900 1 2
49630 6940 50130 14900 0 2
49630 6940 50130 14900 1 2
50490 220 50990 3140 0 2
50490 220 50990 3140 1 2
50490 4420 50990 7340 0 2
50490 4420 50990 7340 1 2
50490 6940 50990 14900 0 2
50490 6940 50990 14900 1 2
50660 28280 73180 28840 1 2
50660 28280 73180 28840 2 2
50640 28280 73200 28840 0 2
50640 28280 73200 28840 1 2
51350 6940 51850 14900 0 2
51350 6940 51850 14900 1 2
51350 22060 51850 30020 0 2
51350 22060 51850 30020 1 2
51520 16520 72320 17080 1 2
51520 16520 72320 17080 2 2
51500 16520 72340 17080 0 2
51500 16520 72340 17080 1 2
51520 20720 72320 21280 1 2
51520 20720 72320 21280 2 2
51500 20720 72340 21280 0 2
51500 20720 72340 21280 1 2
51520 29120 72320 29680 1 2
51520 29120 72320 29680 2 2
51500 29120 72340 29680 0 2
51500 29120 72340 29680 1 2
51520 32480 72320 33040 1 2
51520 32480 72320 33040 2 2
51500 32480 72340 33040 0 2
51500 32480 72340 33040 1 2
52210 220 52710 3140 0 2
52210 220 52710 3140 1 2
52210 4420 52710 7340 0 2
52210 4420 52710 7340 1 2
52210 6940 52710 14900 0 2
52210 6940 52710 14900 1 2
52210 15340 52710 18260 0 2
52210 15340 52710 18260 1 2
52210 19540 52710 22460 0 2
52210 19540 52710 22460 1 2
52210 22060 52710 30020 0 2
52210 22060 52710 30020 1 2
52210 31300 52710 34220 0 2
52210 31300 52710 34220 1 2
53070 6940 53570 14900 0 2
53070 6940 53570 14900 1 2
53070 22060 53570 30020 0 2
53070 22060 53570 30020 1 2
53930 220 54430 3140 0 2
53930 220 54430 3140 1 2
53930 4420 54430 7340 0 2
53930 4420 54430 7340 1 2
53930 6940 54430 14900 0 2
53930 6940 54430 14900 1 2
53930 15340 54430 18260 0 2
53930 15340 54430 18260 1 2
53930 19540 54430 22460 0 2
53930 19540 54430 22460 1 2
53930 22060 54430 30020 0 2
53930 22060 54430 30020 1 2
53930 31300 54430 34220 0 2
53930 31300 54430 34220 1 2
54790 6940 55290 14900 0 2
54790 6940 55290 14900 1 2
54790 22060 55290 30020 0 2
54790 22060 55290 30020 1 2
55650 220 56150 3140 0 2
55650 220 56150 3140 1 2
55650 4420 56150 7340 0 2
55650 4420 56150 7340 1 2
55650 6940 56150 14900 0 2
55650 6940 56150 14900 1 2
55650 15340 56150 18260 0 2
55650 15340 56150 18260 1 2
55650 19540 56150 22460 0 2
55650 19540 56150 22460 1 2
55650 22060 56150 30020 0 2
55650 22060 56150 30020 1 2
55650 31300 56150 34220 0 2
55650 31300 56150 34220 1 2
56510 6940 57010 14900 0 2
56510 6940 57010 14900 1 2
56510 22060 57010 30020 0 2
56510 22060 57010 30020 1 2
57370 15340 57870 18260 0 2
57370 15340 57870 18260 1 2
57370 19540 57870 22460 0 2
57370 19540 57870 22460 1 2
57370 22060 57870 30020 0 2
57370 22060 57870 30020 1 2
57370 31300 57870 34220 0 2
57370 31300 57870 34220 1 2
58230 22060 58730 30020 0 2
58230 22060 58730 30020 1 2
59090 15340 59590 18260 0 2
59090 15340 59590 18260 1 2
59090 19540 59590 22460 0 2
59090 19540 59590 22460 1 2
59090 22060 59590 30020 0 2
59090 22060 59590 30020 1 2
59090 31300 59590 34220 0 2
59090 31300 59590 34220 1 2
59260 13160 66300 13720 1 2
59260 13160 66300 13720 2 2
59240 13160 66320 13720 0 2
59240 13160 66320 13720 1 2
59950 6940 60450 14900 0 2
59950 6940 60450 14900 1 2
59950 22060 60450 30020 0 2
59950 22060 60450 30020 1 2
60120 1400 65440 1960 1 2
60120 1400 65440 1960 2 2
60100 1400 65460 1960 0 2
60100 1400 65460 1960 1 2
60120 5600 65440 6160 1 2
60120 5600 65440 6160 2 2
60100 5600 65460 6160 0 2
60100 5600 65460 6160 1 2
60120 14000 65440 14560 1 2
60120 14000 65440 14560 2 2
60100 14000 65460 14560 0 2
60100 14000 65460 14560 1 2
60780 28430 61340 42130 2 2
60780 28430 61340 42130 3 2
60780 28480 61340 42080 1 2
60780 28480 61340 42080 2 2
60810 220 61310 3140 0 2
60810 220 61310 3140 1 2
60810 4420 61310 7340 0 2
60810 4420 61310 7340 1 2
60810 6940 61310 14900 0 2
60810 6940 61310 14900 1 2
60810 15340 61310 18260 0 2
60810 15340 61310 18260 1 2
60810 19540 61310 22460 0 2
60810 19540 61310 22460 1 2
60810 22060 61310 30020 0 2
60810 22060 61310 30020 1 2
60810 31300 61310 34220 0 2
60810 31300 61310 34220 1 2
61000 14840 62840 15400 1 2
61000 14840 62840 15400 2 2
60980 14840 62860 15400 0 2
60980 14840 62860 15400 1 2
61000 21560 62840 22120 1 2
61000 21560 62840 22120 2 2
60980 21560 62860 22120 0 2
60980 21560 62860 22120 1 2
61640 710 62200 14410 2 2
61640 710 62200 14410 3 2
61640 760 62200 14360 1 2
61640 760 62200 14360 2 2
61640 14150 62200 16090 2 2
61640 14150 62200 16090 3 2
61640 14200 62200 16040 1 2
61640 14200 62200 16040 2 2
61640 14470 62200 21650 2 2
61640 14470 62200 21650 3 2
61640 14520 62200 21600 1 2
61640 14520 62200 21600 2 2
61640 20030 62200 33730 2 2
61640 20030 62200 33730 3 2
61640 20080 62200 33680 1 2
61640 20080 62200 33680 2 2
61640 20820 62200 22860 2 2
61640 20820 62200 22860 3 2
61640 20870 62200 22810 1 2
61640 20870 62200 22810 2 2
61640 20870 62200 22810 2 2
61640 20870 62200 22810 3 2
61640 20920 62200 22760 1 2
61640 20920 62200 22760 2 2
61670 6940 62170 14900 0 2
61670 6940 62170 14900 1 2
61670 22060 62170 30020 0 2
61670 22060 62170 30020 1 2
61320 14840 63380 15400 1 2
61320 14840 63380 15400 2 2
61300 14840 63400 15400 0 2
61300 14840 63400 15400 1 2
61860 14840 63700 15400 1 2
61860 14840 63700 15400 2 2
61840 14840 63720 15400 0 2
61840 14840 63720 15400 1 2
62500 4910 63060 15250 2 2
62500 4910 63060 15250 3 2
62500 4960 63060 15200 1 2
62500 4960 63060 15200 2 2
62500 13630 63060 15770 2 2
62500 13630 63060 15770 3 2
62500 13680 63060 15720 1 2
62500 13680 63060 15720 2 2
62500 14150 63060 16090 2 2
62500 14150 63060 16090 3 2
62500 14200 63060 16040 1 2
62500 14200 63060 16040 2 2
62500 15830 63060 41290 2 2
62500 15830 63060 41290 3 2
62500 15880 63060 41240 1 2
62500 15880 63060 41240 2 2
62530 220 63030 3140 0 2
62530 220 63030 3140 1 2
62530 4420 63030 7340 0 2
62530 4420 63030 7340 1 2
62530 6940 63030 14900 0 2
62530 6940 63030 14900 1 2
62530 15340 63030 18260 0 2
62530 15340 63030 18260 1 2
62530 19540 63030 22460 0 2
62530 19540 63030 22460 1 2
62530 22060 63030 30020 0 2
62530 22060 63030 30020 1 2
62530 31300 63030 34220 0 2
62530 31300 63030 34220 1 2
63390 6940 63890 14900 0 2
63390 6940 63890 14900 1 2
63390 22060 63890 30020 0 2
63390 22060 63890 30020 1 2
64250 220 64750 3140 0 2
64250 220 64750 3140 1 2
64250 4420 64750 7340 0 2
64250 4420 64750 7340 1 2
64250 6940 64750 14900 0 2
64250 6940 64750 14900 1 2
64250 15340 64750 18260 0 2
64250 15340 64750 18260 1 2
64250 19540 64750 22460 0 2
64250 19540 64750 22460 1 2
64250 22060 64750 30020 0 2
64250 22060 64750 30020 1 2
64250 31300 64750 34220 0 2
64250 31300 64750 34220 1 2
65110 6940 65610 14900 0 2
65110 6940 65610 14900 1 2
65110 22060 65610 30020 0 2
65110 22060 65610 30020 1 2
65970 15340 66470 18260 0 2
65970 15340 66470 18260 1 2
65970 19540 66470 22460 0 2
65970 19540 66470 22460 1 2
65970 22060 66470 30020 0 2
65970 22060 66470 30020 1 2
65970 31300 66470 34220 0 2
65970 31300 66470 34220 1 2
66830 22060 67330 30020 0 2
66830 22060 67330 30020 1 2
67690 15340 68190 18260 0 2
67690 15340 68190 18260 1 2
67690 19540 68190 22460 0 2
67690 19540 68190 22460 1 2
67690 22060 68190 30020 0 2
67690 22060 68190 30020 1 2
67690 31300 68190 34220 0 2
67690 31300 68190 34220 1 2
68550 22060 69050 30020 0 2
68550 22060 69050 30020 1 2
